pr80A	mhogA	6.8	2.9	100	328	13	[ 34  49  62  88  98 106 114 127 135 143 149]	[ 65  81 103 123 139 150 157 164 176 183 192]	[15  6 20 10  8  7  7  8  7  6  6]	[0.022996, -0.644879, -0.763938, 0.280908, 0.737524, -0.614125, 0.959459, -0.200474, 0.198112]	[-13.917591, 26.492561, -11.248281]	.	.
pr80A	oorkA	6.6	3.6	102	337	11	[ 34  54  62  88  98 106 114 127 135 143 149]	[172 194 212 232 249 260 267 274 285 292 297]	[20  4 20 10  8  7  7  8  7  5  6]	[-0.743366, -0.665911, 0.063008, 0.223651, -0.336226, -0.91484, 0.630387, -0.665969, 0.398871]	[-17.032129, 43.243927, -3.986245]	.	.
pr80A	ps40A	6.6	3.3	100	338	10	[ 35  54  62  88  98 106 114 127 135 143 149]	[174 195 213 233 250 261 268 275 286 293 298]	[19  4 20 10  8  7  7  8  7  4  6]	[-0.956142, 0.135592, 0.259627, -0.230925, 0.196311, -0.952962, -0.180182, -0.971121, -0.15639]	[-20.790709, 44.44751, -7.434012]	.	.
pr80A	gq1kA	6.6	3.4	105	686	11	[ 30  49  62  89  99 106 115 128 136 150 157]	[200 220 262 282 324 336 346 352 369 379 420]	[19  7 20  9  7  9  6  8 10  5  5]	[0.599325, 0.031392, 0.79989, 0.705416, 0.451644, -0.546265, -0.378414, 0.891646, 0.248537]	[-8.527942, 55.278645, -12.061803]	.	.
pr80A	po5oA	6.6	3.6	104	309	17	[ 34  49  58  62  88  98 106 114 127 135 143 149]	[ 60  76  82  98 118 134 145 152 159 172 179 188]	[15  6  4 20 10  8  7  7  8  7  6  6]	[-0.155591, 0.75047, 0.642328, -0.952662, -0.285937, 0.103315, 0.261201, -0.595847, 0.759434]	[-14.869299, 25.298548, -10.56075]	.	.
pr80A	gqh2A	6.4	4.3	100	351	10	[ 34  49  55  62  90 106 114 127 136 143 149]	[ 29  45  53 159 180 199 206 213 221 227 235]	[15  6  4 20 16  7  7  8  6  5  6]	[0.180945, -0.962709, 0.201122, 0.655094, -0.034551, -0.754757, 0.733561, 0.268323, 0.624413]	[-17.137344, 32.038422, -4.68341]	.	.
pr80A	vtbyA	6.3	3.0	96	314	14	[ 22  29  35  49  62  89  98 106 131 139 152]	[ 98 106 156 171 192 212 238 254 268 273 280]	[ 6  6 14  6 20  9  8 13  4  6  4]	[-0.544282, 0.836325, -0.065712, 0.592399, 0.327707, -0.735983, -0.593987, -0.43951, -0.673803]	[-13.82124, 40.070553, -5.737369]	.	.
pr80A	gpv9A	6.0	4.2	101	352	19	[ 34  49  54  62  90  98 106 114 127 135 148]	[185 201 208 232 253 272 283 290 297 309 323]	[15  5  4 20  8  8  7  7  8 12  7]	[-0.519289, 0.849275, 0.095242, -0.132637, 0.030002, -0.990711, -0.844243, -0.527098, 0.097065]	[-17.664139, 39.573994, -14.686065]	.	.
pr80A	q6zrA	6.0	3.3	111	412	11	[ 30  49  58  62  89  97 106 131 135 139 151 155 159]	[120 141 146 204 224 233 247 262 269 274 281 311 316]	[19  5  4 20  8  9 13  4  4  7  4  4 10]	[0.120489, 0.493731, 0.861227, 0.725624, -0.635845, 0.263004, 0.67746, 0.593238, -0.434875]	[-8.833482, 42.993923, -3.630694]	.	.
pr80A	ctf2A	5.9	3.8	106	742	8	[ 30  35  49  58  62  90  98 106 115 124 129 135 155 161]	[208 272 292 297 329 350 391 410 427 434 450 479 487 717]	[ 4 14  5  4 20  8  8  9  6  4  6  8  5  5]	[0.184121, 0.695333, -0.694702, -0.673589, 0.603984, 0.426006, 0.715805, 0.389507, 0.579575]	[-10.874043, 30.41361, 1.861309]	.	.
pr80A	im30A	5.8	3.3	95	624	15	[  1  34  49  62  90  98 106 116 131 137 151]	[110 267 283 309 330 354 365 376 383 388 396]	[ 6 15  7 20  8  8  9  5  5  8  4]	[0.792168, -0.486191, 0.368901, 0.31837, -0.18649, -0.929442, 0.520682, 0.853721, 0.007057]	[-25.907803, 40.454914, -12.283264]	.	.
pr80A	cq6wA	5.8	3.2	100	727	11	[ 30  35  49  58  62  90  98 106 115 124 129 135 156]	[189 253 273 278 310 331 372 391 408 415 431 460 469]	[ 4 14  5  4 20  8  8  9  6  4  6  8  4]	[-0.920663, -0.312453, 0.233993, 0.125205, -0.804124, -0.581127, 0.369734, -0.505725, 0.779447]	[-1.972754, 31.13829, -12.581383]	.	.
pr80A	o3eeA	5.8	3.9	114	836	9	[  1  30  35  49  58  62  90  98 106 115 124 129 135 150 164]	[ 73 273 337 357 362 393 414 455 474 491 498 514 543 553 783]	[ 8  4 14  5  4 20  8  8  9  6  4  6  8  5  5]	[-0.287733, -0.721788, 0.629469, 0.733777, -0.588525, -0.339426, 0.615452, 0.364225, 0.69897]	[-7.959585, 36.07259, -4.021794]	.	.
pr80A	e5w5A	5.8	3.9	99	628	11	[ 31  49  55  62  90 108 115 125 134 138 151]	[253 274 279 297 318 347 355 359 369 375 380]	[18  5  6 20 17  7  4  9  4  5  4]	[-0.665474, -0.700541, -0.257654, -0.315226, 0.57666, -0.753721, 0.676592, -0.420363, -0.604581]	[-14.75246, 47.128391, 19.287115]	.	.
pr80A	dimlA	5.8	3.9	99	619	11	[ 31  49  55  62  90 108 125 134 138 151]	[252 273 278 296 317 346 358 368 374 379]	[18  5  6 20 17 11  9  4  5  4]	[-0.418365, -0.906241, -0.060805, -0.359052, 0.226505, -0.905415, 0.834297, -0.356962, -0.42015]	[-17.350653, 47.729671, 16.440329]	.	.
pr80A	k7i9A	5.8	4.4	114	825	11	[ 28  34  49  58  62  84  98 106 131 135 150 158]	[270 274 291 296 357 380 395 412 427 435 462 498]	[ 4 15  5  4 20 14  8 13  4 14  5  8]	[0.997976, -0.060185, 0.020547, 0.055554, 0.667769, -0.742292, 0.030954, 0.741931, 0.669761]	[-8.419718, 38.063564, -6.934688]	.	.
pr80A	e2b0A	5.8	3.6	105	720	7	[ 30  35  49  58  62  90  98 106 115 124 129 135 156 164]	[146 217 237 242 274 295 336 355 372 379 395 423 431 693]	[ 4 14  5  4 20  8  8  9  6  4  6  8  4  5]	[-0.316958, -0.552667, 0.770777, 0.933926, -0.323495, 0.152095, 0.165284, 0.768056, 0.618685]	[-9.708792, 36.415062, -2.124086]	.	.
pr80A	dfsdA	5.8	3.6	105	709	9	[ 30  35  49  58  62  90  98 106 115 124 129 135 156 164]	[146 217 237 242 274 295 336 355 372 379 395 424 433 680]	[ 4 14  5  4 20  8  8  9  6  4  6  8  4  5]	[-0.962516, 0.26135, 0.07252, -0.052185, 0.083935, -0.995104, -0.266158, -0.961588, -0.06715]	[-9.794184, 35.842216, 0.036902]	.	.
pr80A	c8w1A	5.7	3.7	105	686	10	[ 30  35  49  58  62  90  98 106 115 124 129 136 156 164]	[145 216 236 241 273 294 334 353 370 377 393 423 431 624]	[ 4 14  5  4 20  8  8  9  6  4  7  7  4  5]	[-0.991583, 0.11779, 0.053741, -0.065622, -0.099429, -0.992878, -0.111608, -0.988048, 0.106322]	[-8.858403, 38.142529, -0.216659]	.	.
pr80A	cpk3A	5.7	4.0	114	783	7	[  1   6  30  35  49  58  62  90  98 106 114 118 124 129 135 149]	[  8  14 244 308 328 333 365 386 427 446 462 467 471 486 515 524]	[ 5  6  4 14  5  4 20  8  8  8  4  4  4  6  8  6]	[-0.997362, -0.048023, 0.054425, -0.012529, -0.624673, -0.780786, 0.071493, -0.779409, 0.622423]	[-3.098763, 28.929075, -11.289628]	.	.
pr80A	edtiA	5.7	3.9	107	776	7	[ 30  35  49  58  62  90  98 106 114 118 124 129 135 154 160]	[205 270 290 295 326 347 388 411 427 432 436 451 481 489 725]	[ 4 14  5  4 20  8  8  8  4  4  4  6  8  5  5]	[-0.935887, -0.289643, 0.200557, -0.008111, -0.551409, -0.834195, 0.352208, -0.782339, 0.513707]	[-8.692402, 37.297016, -2.00471]	.	.
pr80A	e04pA	5.7	4.0	117	817	9	[  1   7  30  35  49  58  62  90  98 106 115 124 129 136 150 164]	[ 43  50 253 317 337 342 373 394 435 454 471 478 494 524 533 763]	[ 6  4  4 14  5  4 20  8  8  9  7  4  7  7  5  5]	[-0.138018, -0.670343, 0.729104, 0.855472, -0.451659, -0.253319, 0.499117, 0.588765, 0.635797]	[-8.160315, 35.908077, -4.746117]	.	.
pr80A	dgtvA	5.7	3.6	106	732	8	[ 30  35  49  58  62  90  98 106 114 118 124 129 135 150 164]	[191 255 275 280 311 332 373 392 408 413 417 432 461 471 703]	[ 4 14  5  4 20  8  8  8  4  4  4  6  8  5  4]	[0.028055, -0.608261, 0.793242, 0.944536, -0.243627, -0.22022, 0.327207, 0.755424, 0.567689]	[-5.261437, 37.563236, -0.600143]	.	.
pr80A	gnklA	5.7	3.9	116	355	6	[  2  34  58  62  88  98 107 115 119 125 135 150 156]	[ 46 105 125 154 174 192 203 216 221 225 242 260 295]	[ 4 20  4 20 10  9  8  4  4 10 12  5  6]	[0.136934, -0.016618, 0.990441, -0.025842, -0.999579, -0.013198, 0.990243, -0.023788, -0.137306]	[-12.04575, 37.603058, 1.47659]	.	.
pr80A	gjwpA	5.6	3.6	107	686	7	[ 30  35  49  58  62  90  98 106 115 124 129 136 149 164]	[145 216 236 241 273 294 334 353 370 377 393 423 431 660]	[ 4 14  5  4 20  8  8  9  6  4  7  7  6  5]	[-0.13623, 0.263543, -0.95498, -0.954215, 0.224213, 0.197996, 0.266299, 0.938229, 0.220932]	[-12.023758, 31.810234, -1.96244]	.	.
pr80A	c5jlA	5.6	4.4	117	370	8	[  2  34  58  62  86  91  98 107 115 119 125 135 148 158]	[ 63 122 142 171 190 194 209 220 233 238 242 259 275 311]	[ 4 20  4 19  4  7  8  8  4  4 10 12  9  4]	[-0.996441, -0.000846, 0.084285, 0.013096, 0.986253, 0.164722, -0.083265, 0.16524, -0.982732]	[-18.755642, 33.657108, -5.014796]	.	.
pr80A	f892A	5.6	3.8	106	693	11	[ 30  35  49  58  62  90  98 106 115 124 129 136 156 164]	[141 212 232 238 269 290 330 349 366 373 389 420 428 633]	[ 4 14  6  4 20  8  8  9  6  4  7  7  4  5]	[0.249761, -0.730717, -0.635352, -0.713133, -0.58267, 0.389791, -0.655027, 0.355736, -0.666627]	[-9.035844, 38.93388, -2.460004]	.	.
pr80A	gnv4A	5.6	3.9	107	670	7	[ 30  35  49  58  62  90  98 106 115 124 129 135 155 164]	[134 196 215 220 251 272 313 332 349 356 372 404 412 611]	[ 4 14  5  4 20  8  8  9  7  4  6  8  5  5]	[-0.81334, 0.459539, 0.356793, 0.158483, 0.765081, -0.624126, -0.559786, -0.451081, -0.695101]	[-9.794378, 37.644512, -3.331102]	.	.
pr80A	e1fiA	5.6	3.7	106	684	8	[ 30  35  49  58  62  90  98 106 115 124 129 135 150 164]	[144 208 228 233 264 285 326 345 362 369 385 417 427 659]	[ 4 14  5  4 20  8  8  9  6  4  6  8  5  5]	[-0.682715, -0.659247, 0.315109, 0.379995, -0.688682, -0.617512, 0.624103, -0.301844, 0.720684]	[-8.21379, 37.873421, -2.548743]	.	.
pr80A	def6A	5.6	3.8	106	693	10	[ 30  35  49  58  62  90  98 106 115 124 129 136 156 164]	[141 212 232 238 269 290 330 349 366 373 389 420 428 633]	[ 4 14  6  4 20  8  8  9  6  4  7  7  4  5]	[-0.683202, 0.673891, 0.281257, 0.194181, 0.538954, -0.819648, -0.703938, -0.50537, -0.499071]	[-12.021041, 35.585369, -0.420453]	.	.
pr80A	gm8wA	5.6	5.0	118	375	7	[  2  34  58  62  88  98 107 115 119 125 135 150 162]	[ 67 126 146 175 195 213 224 237 242 246 263 281 314]	[ 4 20  4 20 10  8  8  4  4 10 12  7  7]	[0.92548, -0.346688, 0.152623, -0.378454, -0.863391, 0.33366, 0.016097, -0.366557, -0.930256]	[-10.047601, 37.793118, -1.986309]	.	.
pr80A	c5xpA	5.6	3.8	108	685	7	[ 31  49  58  62  89  98 106 115 124 128 135 156 164]	[211 235 240 272 292 333 352 369 376 391 420 428 658]	[18  5  4 20  9  8  9  6  4  7  8  5  5]	[-0.758244, 0.519048, 0.394531, 0.168107, 0.740324, -0.650892, -0.629925, -0.427212, -0.648602]	[-9.306323, 38.470459, -1.878236]	.	.
pr80A	d5ehA	5.6	3.4	107	395	9	[ 28  33  49  58  62  81  89  97 106 131 135 140 150 158]	[100 104 122 127 194 214 221 230 244 259 266 271 278 312]	[ 4 16  5  4 19  4  8  9 13  4  4  7  5  5]	[-0.597125, -0.53937, 0.593736, -0.802083, 0.410946, -0.433344, -0.010261, -0.734986, -0.678005]	[-8.570258, 39.109646, -2.953755]	.	.
pr80A	ab6oA	5.6	3.4	106	721	12	[ 30  49  58  62  89  98 106 131 135 151 158]	[164 184 189 247 267 277 290 305 313 324 359]	[19  5  4 20  9  8 13  4 11  4  9]	[0.674065, -0.738152, 0.027715, 0.406756, 0.339599, -0.84807, 0.616592, 0.582928, 0.52916]	[-18.92086, 22.089397, -9.289803]	.	.
pr80A	d2tlA	5.6	4.3	111	709	14	[ 30  49  62  89  99 107 115 126 132 136 150 157 164]	[158 178 215 235 282 295 304 313 317 327 337 378 383]	[19  7 20  9  7  8  9  4  4 10  5  5  4]	[0.454379, 0.851377, 0.262101, 0.301125, 0.130111, -0.944667, -0.838369, 0.508162, -0.197251]	[-4.061862, 52.402138, -10.632024]	.	.
pr80A	c18jA	5.6	3.7	107	642	8	[ 30  35  49  58  62  90  98 106 114 118 124 129 136 150 164]	[104 168 188 193 225 246 287 306 322 327 331 346 376 385 616]	[ 4 14  5  4 20  8  8  8  4  4  4  7  7  5  5]	[-0.168984, 0.097484, -0.980786, -0.947752, 0.257106, 0.188847, 0.270576, 0.961454, 0.048944]	[-12.182673, 38.117493, -5.257504]	.	.
pr80A	c5j4A	5.5	3.9	96	617	14	[ 29  36  53  62  88 106 116 127 134 138 143 154]	[104 111 132 147 167 187 204 209 216 223 227 270]	[ 4 16  4 20 18  9  4  5  4  4  4  4]	[0.951292, -0.270465, 0.147962, -0.307651, -0.801903, 0.512155, -0.019869, -0.532729, -0.846052]	[-10.100199, 50.097324, -4.097546]	.	.
pr80A	k71gA	5.5	4.2	120	337	11	[  1  34  58  62  88  98 107 115 119 125 135 151 167 173]	[  5  65  85 114 134 152 164 177 182 186 203 223 309 313]	[ 5 20  4 20 10  8  8  4  4 10 15  4  4  4]	[0.119936, 0.717883, -0.685755, -0.434077, -0.583297, -0.686544, -0.892856, 0.380012, 0.241658]	[-17.429064, 34.749058, -8.074911]	.	.
pr80A	khmnA	5.5	3.5	108	350	13	[ 29  34  49  58  62  90  98 106 131 135 139 151 155 159]	[ 93  97 114 119 179 200 209 222 237 244 249 256 284 289]	[ 4 15  5  4 20  8  8 13  4  4  7  4  4  8]	[-0.781399, 0.299442, 0.547494, 0.617138, 0.240772, 0.749112, 0.092495, 0.923235, -0.372937]	[-9.344815, 37.790497, -2.412463]	.	.
pr80A	undeA	5.5	3.0	108	904	12	[ 29  35  49  62  89  99 106 116 126 131 136 150 155 164]	[234 239 254 307 327 414 426 440 445 449 464 474 527 901]	[ 5 14  7 20  9  7  9  5  4  5 10  5  4  4]	[-0.337823, 0.916001, -0.216376, 0.434089, -0.052349, -0.899348, -0.83513, -0.397747, -0.379941]	[-14.924376, 58.127537, -15.600355]	.	.
pr80A	w3ztA	5.5	3.8	110	1120	16	[ 29  35  49  62  89  99 106 116 126 131 136 150 155]	[251 256 271 324 344 446 458 470 475 479 494 504 558]	[ 5 14  7 20  9  7 10  5  4  5 10  5  9]	[-0.273131, 0.936191, -0.221236, 0.439316, -0.083208, -0.894471, -0.855805, -0.3415, -0.388557]	[-14.698752, 58.958096, -16.668034]	.	.
pr80A	c45eA	5.5	5.1	117	348	6	[  2  34  58  62  88  98 107 115 119 125 135 152 162]	[ 60 118 138 167 187 205 216 229 234 238 255 275 306]	[ 4 20  4 20 10  8  8  4  4 10 14  5  6]	[0.823065, 0.428627, -0.372617, -0.564676, 0.68791, -0.455984, 0.06088, 0.585712, 0.80823]	[-13.425235, 31.307301, -1.896282]	.	.
pr80A	fg94A	5.5	5.3	118	365	8	[  2  34  58  62  88  98 107 115 119 125 135 148 162]	[ 57 116 136 165 185 203 214 227 232 236 253 269 304]	[ 4 20  4 20 10  8  8  4  4 10 10  9  7]	[0.448354, -0.568277, -0.689957, 0.767461, -0.150972, 0.623065, -0.458238, -0.808869, 0.368442]	[-12.694772, 40.854317, -1.463688]	.	.
pr80A	nbchA	5.5	4.1	108	690	9	[ 30  35  49  58  62  90  98 106 115 124 129 136 156 161 165]	[145 216 236 241 273 294 334 353 370 377 393 422 430 629 665]	[ 4 14  5  4 20  8  8  9  6  4  7  7  4  4  4]	[0.084827, -0.337262, 0.937581, 0.995989, 0.001824, -0.089455, 0.028459, 0.941409, 0.336064]	[-5.676773, 42.104694, -3.370336]	.	.
pr80A	ujlrA	5.5	3.7	110	348	9	[ 28  49  58  62  89  98 106 131 135 142 151 155 159]	[ 84 107 112 173 193 203 216 231 240 246 250 278 283]	[21  5  4 20  9  8 13  4  6  4  4  4  8]	[-0.079041, -0.048437, 0.995694, -0.393428, -0.916225, -0.075803, 0.915951, -0.397725, 0.053363]	[-10.212049, 40.49741, -3.404957]	.	.
pr80A	grvnA	5.5	3.5	109	333	11	[ 27  33  49  58  62  89  98 106 131 135 142 151 155 159]	[ 74  78  96 101 159 179 189 202 217 226 232 236 266 271]	[ 4 16  5  4 20  9  8 13  4  6  4  4  4  8]	[-0.623224, 0.358816, 0.694869, 0.692155, 0.666671, 0.276535, -0.364023, 0.6533, -0.663842]	[-12.230098, 37.396152, -2.570232]	.	.
pr80A	gipdA	5.5	3.7	106	724	7	[ 30  35  49  58  62  90  98 106 115 124 128 135 156 164]	[151 222 242 247 279 300 341 360 377 384 399 428 436 697]	[ 4 14  5  4 20  8  8  9  6  4  7  8  4  5]	[-0.268317, -0.46519, 0.843566, 0.957337, -0.226291, 0.179715, 0.10729, 0.855798, 0.506061]	[-9.336555, 36.068913, -2.275988]	.	.
pr80A	pydlA	5.5	3.9	106	695	8	[ 30  35  49  58  62  90  98 106 115 124 129 136 156 164]	[140 211 231 237 268 289 331 350 367 374 390 420 428 658]	[ 4 14  6  4 20  8  8  9  6  4  7  7  4  5]	[-0.955864, -0.279728, -0.089865, 0.08945, 0.014276, -0.995889, 0.279861, -0.959973, 0.011376]	[-9.597958, 38.094299, -2.516077]	.	.
pr80A	hiy2A	5.4	2.6	80	660	14	[ 34  48  54  62  90  97 106 115 137]	[158 173 181 211 232 245 258 268 276]	[14  4  7 20  7  9  9  6  4]	[-0.390041, -0.804718, -0.447545, -0.621338, -0.128693, 0.772902, -0.679564, 0.579541, -0.449806]	[1.718362, 67.147003, -5.795858]	.	.
pr80A	jkbxA	5.4	3.5	106	906	10	[ 29  35  49  62  89  99 106 116 126 136 150 157]	[232 237 252 305 325 406 418 432 437 456 466 520]	[ 5 14  7 20  9  7  9  5 10 10  5  5]	[0.225215, 0.58261, 0.780925, 0.334852, 0.706409, -0.623586, -0.91496, 0.401935, -0.035994]	[-14.71251, 56.635708, -13.394713]	.	.
pr80A	cwjeA	5.4	3.6	105	692	9	[ 30  35  49  58  62  90  98 106 115 124 129 135 156 164]	[142 213 233 238 270 291 332 351 368 375 391 420 429 656]	[ 4 14  5  4 20  8  8  9  6  4  6  8  4  5]	[-0.991946, 0.105038, -0.070779, 0.103705, 0.352706, -0.92997, -0.072718, -0.92982, -0.360759]	[-9.993117, 36.248955, -1.970773]	.	.
pr80A	hoa9A	5.4	3.9	84	1022	15	[ 34  48  54  62  90  97 106 116 128 155]	[238 253 261 291 312 325 338 350 355 740]	[14  4  7 20  7  9 10  5  4  4]	[-0.873272, -0.444884, -0.198682, -0.474013, 0.870079, 0.13518, 0.11273, 0.212227, -0.970697]	[-4.398682, 49.158741, -19.092766]	.	.
pr80A	o0t6A	5.4	3.5	94	313	15	[ 34  49  54  62  90  98 106 114 127 135 151]	[ 63  79  86 120 141 155 166 173 180 192 201]	[15  5  4 20  8  8  7  6  8  9  4]	[-0.520784, 0.639743, -0.565255, 0.851237, 0.439288, -0.287091, 0.064646, -0.630678, -0.773347]	[-13.969439, 28.787031, -7.686928]	.	.
pr80A	e8c1A	5.4	3.8	106	710	7	[ 30  35  49  58  62  90  98 106 115 124 129 135 156 164]	[147 218 238 244 275 296 337 356 373 380 396 425 434 681]	[ 4 14  6  4 20  8  8  9  6  4  6  8  4  5]	[-0.058978, -0.739587, 0.670472, 0.968383, -0.205475, -0.141473, 0.242397, 0.64093, 0.728322]	[-9.935183, 36.232883, -2.830333]	.	.
pr80A	jm5wA	5.4	3.3	108	472	13	[ 30  49  58  62  90  98 106 131 135 151 155 159]	[177 198 203 263 284 293 306 321 329 340 371 376]	[19  5  4 20  8  8 13  4 11  4  4  8]	[0.196012, 0.091568, 0.976317, 0.27685, -0.960294, 0.034483, 0.940709, 0.263534, -0.21358]	[-7.19507, 40.771629, -0.481009]	.	.
pr80A	b24fA	5.4	3.6	110	447	11	[ 30  49  58  62  89  98 106 131 135 151 155 159]	[180 200 205 263 283 293 306 321 329 340 371 376]	[19  5  4 20  9  8 13  4 11  4  4  9]	[-0.3446, -0.928615, 0.137569, -0.644576, 0.127521, -0.75383, 0.682475, -0.348444, -0.642507]	[-10.931351, 36.754509, -4.118475]	.	.
pr80A	id41A	5.4	3.9	104	582	15	[ 29  35  49  58  62  90  98 106 131 135 151 158]	[160 164 180 185 245 266 275 288 303 311 322 357]	[ 4 14  5  4 20  8  8 13  4 11  4  9]	[-0.336052, 0.079826, -0.938454, 0.73474, -0.601174, -0.31424, -0.589258, -0.795121, 0.143375]	[-12.350852, 46.125515, -13.268158]	.	.
pr80A	l63rA	5.4	3.4	112	457	12	[  8  30  49  58  62  90  98 106 131 135 151 155 159]	[ 73 171 192 197 257 278 287 300 315 323 334 365 370]	[ 4 19  5  4 20  8  8 13  4 11  4  4  8]	[0.168209, -0.094872, 0.981175, 0.238177, -0.961955, -0.133846, 0.956545, 0.256207, -0.139213]	[-7.502648, 40.351131, -0.948517]	.	.
pr80A	eyfqA	5.4	3.7	109	754	12	[ 30  48  52  62  89  99 106 115 126 132 136 142 150 155]	[193 212 217 258 278 314 326 336 343 347 360 365 369 408]	[18  4  5 20  9  7  9  7  4  4  5  4  5  8]	[0.140694, 0.762763, 0.631187, -0.383913, -0.545614, 0.744927, 0.912588, -0.347127, 0.21607]	[-7.311599, 55.969872, -10.055254]	.	.
pr80A	c9enA	5.4	5.1	116	380	7	[  2  34  58  62  88  98 107 115 119 125 135 148 164]	[ 72 131 151 180 200 218 229 242 247 251 268 284 321]	[ 4 20  4 20 10  8  8  4  4 10 10  9  5]	[0.663318, -0.498039, -0.558539, 0.697954, 0.1425, 0.701822, -0.269943, -0.855366, 0.442131]	[-11.516373, 40.539452, -0.691804]	.	.
pr80A	q3p0A	5.4	3.9	115	815	9	[  1  30  35  49  58  62  90  98 106 115 124 129 136 150 164]	[ 43 251 315 335 340 371 392 433 452 469 476 492 522 531 761]	[ 8  4 14  5  4 20  8  8  9  7  4  7  7  5  5]	[-0.675313, -0.664129, 0.320757, 0.383199, -0.687548, -0.616795, 0.630167, -0.293616, 0.718804]	[-7.431522, 36.728218, -2.036659]	.	.
pr80A	iqjlA	5.4	4.1	104	577	13	[ 29  35  49  58  62  89  98 106 131 135 142 151 158]	[158 162 178 183 242 262 272 285 300 309 315 319 354]	[ 4 14  5  4 20  9  8 13  4  6  4  4  9]	[-0.204573, 0.853391, 0.479452, -0.238573, -0.518509, 0.821116, 0.949333, 0.053594, 0.309669]	[-13.102751, 43.219769, -4.079518]	.	.
pr80A	g2mjA	5.4	3.4	106	794	11	[ 30  49  58  62  89  98 106 131 135 151 158]	[212 232 237 295 315 325 338 353 361 372 407]	[19  5  4 20  9  8 13  4 11  4  9]	[-0.120273, -0.564896, -0.81635, 0.88349, 0.314119, -0.347528, 0.452748, -0.763035, 0.4613]	[-15.888553, 25.162724, -6.901024]	.	.
pr80A	crs1A	5.4	3.1	100	508	14	[ 30  35  49  58  62  90  98 106 115 124 129 136 156]	[196 260 280 285 317 338 379 398 415 422 438 468 475]	[ 4 14  5  4 20  8  8  9  6  4  7  7  4]	[-0.0439, 0.218746, 0.974794, 0.758621, 0.642189, -0.109944, -0.650052, 0.734672, -0.194137]	[-2.8644, 27.779106, -8.197288]	.	.
pr80A	uzhrA	5.4	4.1	104	583	13	[ 29  35  49  58  62  89  98 106 131 135 142 151 158]	[158 162 178 183 247 267 277 290 305 314 320 324 359]	[ 4 14  5  4 20  9  8 13  4  6  4  4  9]	[-0.181917, -0.689528, -0.701041, 0.951901, 0.055272, -0.301378, 0.246556, -0.722147, 0.646308]	[-9.502779, 40.557583, -6.608418]	.	.
pr80A	cqlsA	5.4	3.9	109	865	6	[  2  30  35  49  58  62  90  98 106 115 124 129 136 156 164]	[105 327 391 411 416 448 469 510 529 546 553 569 599 607 839]	[ 4  4 14  5  4 20  8  8  9  6  4  7  7  4  5]	[-0.14202, -0.679524, 0.719776, 0.818599, -0.489449, -0.300558, 0.55653, 0.546522, 0.62577]	[-8.808374, 36.978664, -5.161777]	.	.
pr80A	kmsaA	5.4	3.7	112	356	12	[ 27  31  49  58  62  89  98 106 131 135 151 155 159]	[ 95 100 120 125 185 205 215 228 243 251 262 292 297]	[ 4 18  5  4 20  9  8 13  4 11  4  4  8]	[-0.178734, -0.015831, 0.98377, 0.907049, -0.390043, 0.158518, 0.381203, 0.92066, 0.084074]	[-12.149154, 36.76302, -3.140996]	.	.
pr80A	f9hrA	5.4	3.7	106	732	8	[ 30  35  49  58  62  90  98 106 115 124 129 135 150 164]	[191 255 275 280 311 332 373 392 409 416 432 461 471 703]	[ 4 14  5  4 20  8  8  9  6  4  6  8  5  5]	[0.022944, -0.619973, 0.784288, 0.922449, -0.289324, -0.255694, 0.385436, 0.729332, 0.565255]	[-5.127981, 37.576344, -0.555718]	.	.
pr80A	gk52A	5.4	3.3	104	651	13	[ 30  35  49  58  62  89  98 106 131 135 151 158]	[218 222 238 243 302 322 332 345 360 368 379 414]	[ 4 14  5  4 20  9  8 13  4 11  4  8]	[0.368102, -0.195487, 0.909003, -0.92872, -0.124102, 0.349397, 0.044506, -0.972823, -0.227234]	[-11.46951, 22.62336, -5.493729]	.	.
pr80A	bxbvA	5.4	3.5	84	781	11	[ 34  48  54  62  90  97 106 115 137 154]	[260 275 285 315 336 349 362 372 380 386]	[14  4  7 20  7  9  9  6  4  4]	[0.412803, -0.268493, 0.870348, 0.895498, -0.054898, -0.441667, 0.166364, 0.961716, 0.217773]	[-24.762114, 65.59539, 9.505845]	.	.
pr80A	ff5iA	5.3	3.7	105	706	6	[ 30  35  49  58  62  90  98 106 115 124 129 136 156 164]	[142 213 233 238 270 291 332 351 368 375 391 421 428 679]	[ 4 14  5  4 20  8  8  9  6  4  7  7  4  5]	[-0.991133, 0.13146, 0.019318, 0.022574, 0.309878, -0.950508, -0.13094, -0.941644, -0.310098]	[-10.602799, 38.15588, -2.736713]	.	.
pr80A	crppA	5.3	3.6	105	685	9	[ 30  35  49  58  62  90  98 106 115 124 129 136 156 164]	[135 206 226 231 263 284 325 344 361 368 384 414 422 649]	[ 4 14  5  4 20  8  8  9  6  4  7  7  4  5]	[-0.848804, 0.50443, 0.158373, 0.118743, 0.473776, -0.872603, -0.515201, -0.721864, -0.462041]	[-14.226038, 34.541191, -3.340432]	.	.
pr80A	a1heA	5.3	3.6	84	769	10	[ 34  48  54  62  90  97 106 115 137 154]	[235 250 258 288 309 322 335 345 353 358]	[14  4  7 20  7  9  9  6  4  4]	[0.144621, 0.986431, -0.077712, -0.300087, 0.118563, 0.946515, 0.942885, -0.113565, 0.313162]	[-26.904779, 71.372993, -5.385782]	.	.
pr80A	fjkwA	5.3	3.8	101	1066	12	[ 15  21  25  34  48  52  58  62  90  98 107 116 128 138 145]	[221 225 249 601 616 623 627 663 684 702 715 726 731 736 742]	[ 4  4  4 14  4  4  4 20  8  9  9  5  4  4  4]	[0.23731, -0.763745, 0.600314, 0.265334, -0.543509, -0.796364, 0.934495, 0.348269, 0.073668]	[-5.505588, 20.852697, -18.850889]	.	.
pr80A	i8gaA	5.3	3.2	101	643	10	[ 30  35  49  58  62  89  98 106 115 124 129 135 156]	[154 227 243 248 281 301 344 364 381 388 404 446 455]	[ 4 14  5  4 20  9  8  9  6  4  6  8  4]	[-0.83172, 0.395052, 0.390096, -0.30519, 0.261629, -0.915647, -0.463789, -0.880616, -0.097036]	[-9.563239, 28.05924, -6.793699]	.	.
pr80A	j6ztA	5.3	3.2	108	435	16	[ 30  49  58  62  90  98 106 131 135 151 155 159]	[160 181 186 246 267 276 289 304 312 323 353 358]	[19  5  4 20  8  8 13  4 11  4  4  8]	[0.001785, -0.43132, -0.902197, 0.640137, -0.692631, 0.332397, -0.768259, -0.578123, 0.274868]	[-10.672144, 38.479729, -4.474168]	.	.
pr80A	dgsiA	5.3	3.5	105	705	8	[ 30  35  49  58  62  90  98 106 115 124 129 136 155 160]	[141 212 232 237 269 290 331 350 367 374 390 420 427 678]	[ 4 14  5  4 20  8  8  9  6  4  7  7  5  4]	[-0.409885, -0.855815, 0.315553, 0.685424, -0.517244, -0.512497, 0.601821, 0.006223, 0.798607]	[-10.643118, 37.146942, -2.948322]	.	.
pr80A	eww7A	5.3	3.4	107	363	10	[ 29  34  49  58  62  89  98 106 131 135 142 151 155 159]	[ 99 103 120 125 187 207 217 230 245 254 260 264 292 297]	[ 4 15  5  4 20  9  8 13  4  6  4  4  4  7]	[-0.61383, 0.543763, 0.572307, 0.730752, 0.117085, 0.672527, 0.298687, 0.831031, -0.469226]	[-12.605802, 42.566917, -5.487879]	.	.
pr80A	gdbmA	5.3	3.7	106	706	7	[ 30  35  49  58  62  90  98 106 114 118 124 129 135 154 160]	[142 213 233 238 270 291 332 351 367 372 376 391 420 428 679]	[ 4 14  5  4 20  8  8  8  4  4  4  6  8  5  4]	[-0.390453, 0.46348, 0.795445, 0.444882, 0.851438, -0.27773, -0.805994, 0.245439, -0.538641]	[-10.267414, 38.258839, -2.177371]	.	.
pr80A	blkhA	5.3	3.6	84	800	12	[ 34  48  54  62  90  97 106 115 137 154]	[278 293 303 333 354 367 380 390 398 404]	[14  4  7 20  7  9  9  6  4  4]	[-0.955402, 0.079047, -0.284531, -0.289655, -0.063238, 0.95504, 0.0575, 0.994863, 0.083314]	[0.860321, 75.301994, -11.503834]	.	.
pr80A	crdvA	5.2	3.4	105	644	18	[ 30  35  49  58  62  89  98 106 131 135 151 158]	[207 211 227 232 290 310 320 333 348 356 367 402]	[ 4 14  5  4 20  9  8 13  4 11  4  9]	[0.163733, 0.3711, 0.914044, -0.906045, -0.309938, 0.288134, 0.390223, -0.875342, 0.285486]	[-16.007561, 27.825094, -1.071241]	.	.
pr80A	t2axA	5.2	3.6	95	281	15	[ 32  49  55  62  90 107 129 138 151]	[ 60  80  85 103 124 144 157 182 187]	[17  5  6 20 17 12  9  5  4]	[-0.538599, -0.752325, -0.379365, 0.254374, 0.284051, -0.924451, 0.803247, -0.594409, 0.038382]	[-13.057328, 44.145695, 1.285899]	.	.
pr80A	c7baA	5.2	3.7	105	611	9	[ 30  35  49  58  62  90  98 106 115 124 129 135 156 164]	[ 38 109 129 134 166 187 228 247 264 271 287 315 324 584]	[ 4 14  5  4 20  8  8  9  6  4  6  8  4  5]	[-0.569287, 0.518488, 0.63803, 0.019534, 0.784372, -0.619983, -0.821906, -0.340485, -0.456661]	[-13.334225, 41.712757, -1.832021]	.	.
pr80A	cwfdA	5.2	3.7	107	681	8	[ 30  35  49  58  62  90  98 106 114 118 124 129 136 150 164]	[137 208 229 234 266 287 328 347 363 368 372 387 416 425 656]	[ 4 14  5  4 20  8  8  8  4  4  4  7  7  5  5]	[-0.564158, 0.683934, 0.462558, 0.269259, 0.681994, -0.679988, -0.780529, -0.259073, -0.568907]	[-12.294417, 35.557098, -6.065463]	.	.
pr80A	hgdfA	5.2	3.6	110	720	12	[ 30  49  58  62  89  98 106 131 135 151 155 159]	[164 184 189 247 267 277 290 305 313 324 355 360]	[19  5  4 20  9  8 13  4 11  4  4  9]	[0.427841, -0.859302, -0.280273, 0.398511, 0.457657, -0.79482, 0.811259, 0.228365, 0.538245]	[-18.373747, 22.072674, -10.080341]	.	.
pr80A	wddlA	5.2	3.3	107	307	12	[ 30  49  58  62  90  98 106 131 135 142 151 155 159]	[ 71  92  97 157 178 187 200 215 224 230 234 263 268]	[19  5  4 20  8  8 13  4  6  4  4  4  8]	[0.271392, 0.764937, -0.584138, -0.09558, -0.582497, -0.807194, -0.957711, 0.274898, -0.084972]	[-10.93644, 36.718971, -3.439405]	.	.
pr80A	dqckA	5.2	3.8	102	606	13	[ 29  35  49  58  62  90  98 106 131 135 142 151 155 159]	[162 166 182 187 247 268 277 290 305 314 320 324 358 364]	[ 4 14  5  4 20  8  8 13  4  6  4  4  4  4]	[0.901595, -0.045473, 0.430184, 0.420694, -0.139353, -0.896436, 0.100711, 0.989198, -0.10651]	[-9.751863, 39.114609, -9.206532]	.	.
pr80A	a0biA	5.2	3.4	109	725	11	[ 30  49  58  62  89  98 106 131 135 151 155 159]	[178 198 203 261 281 291 304 319 327 338 369 374]	[19  5  4 20  9  8 13  4 11  4  4  8]	[0.804472, -0.566185, 0.179609, 0.374278, 0.248376, -0.893435, 0.461239, 0.785967, 0.411722]	[-18.927078, 22.228893, -8.901017]	.	.
pr80A	qz97A	5.2	4.2	105	602	12	[ 29  35  49  58  62  90  98 106 131 135 151 158]	[160 164 180 185 244 265 274 287 302 310 321 355]	[ 4 14  5  4 20  8  8 13  4 11  4 10]	[0.099416, -0.736186, 0.669437, -0.926357, 0.177151, 0.332385, -0.363289, -0.653183, -0.66436]	[-16.341503, 40.286655, -4.379323]	.	.
pr80A	c2xnA	5.2	3.5	106	679	8	[ 30  35  49  58  62  90  98 106 115 124 129 136 150 164]	[139 210 230 235 267 288 326 345 362 369 385 415 424 654]	[ 4 14  5  4 20  8  8  9  6  4  7  7  5  5]	[-0.378947, 0.677112, 0.630807, 0.493526, 0.724489, -0.481194, -0.782836, 0.128972, -0.608716]	[-10.631679, 35.931526, -6.7391]	.	.
pr80A	c8e7A	5.2	4.0	106	667	8	[ 30  35  49  58  62  90  98 106 115 124 129 135 155 164]	[134 196 216 221 252 273 314 333 350 357 373 405 413 608]	[ 4 14  5  4 20  8  8  9  6  4  6  8  5  5]	[-0.575815, 0.527548, 0.624604, 0.279033, 0.844903, -0.456377, -0.76849, -0.088504, -0.633711]	[-11.086846, 38.844517, -3.514515]	.	.
pr80A	n7ceA	5.2	3.7	110	353	13	[ 28  34  49  58  62  89  98 106 131 135 151 155 159]	[ 94  99 116 121 181 201 211 224 239 247 258 286 291]	[ 5 15  5  4 20  9  8 13  4 11  4  4  8]	[0.235307, 0.53138, -0.813797, -0.139898, -0.810071, -0.569398, -0.9618, 0.247832, -0.116277]	[-10.692426, 40.368061, -3.789137]	.	.
pr80A	gcq5A	5.2	3.7	106	710	6	[ 30  35  49  58  62  90  98 106 115 124 129 135 156 164]	[147 218 238 244 275 296 337 356 373 380 396 425 433 681]	[ 4 14  6  4 20  8  8  9  6  4  6  8  4  5]	[-0.994722, 0.00788, -0.102306, 0.102138, 0.171479, -0.979879, 0.009822, -0.985156, -0.171379]	[-10.196101, 35.911659, -2.667574]	.	.
pr80A	wfugA	5.2	3.8	110	936	14	[ 29  35  49  62  89  99 106 115 127 136 150 157 161]	[219 224 239 292 312 426 438 448 455 473 483 538 544]	[ 5 14  7 20  9  7  9  7  9 10  5  4  4]	[0.754503, 0.420893, 0.503562, 0.359621, 0.376693, -0.853683, -0.548998, 0.825198, 0.132854]	[-6.418, 59.572411, -22.036625]	.	.
pr80A	f3icA	5.1	3.3	100	618	13	[ 34  49  58  62  90  98 106 131 135 151 158]	[124 141 146 206 227 236 247 262 270 281 314]	[15  5  4 20  8  8 13  4 11  4  8]	[0.813982, 0.464942, -0.348227, 0.33915, -0.86707, -0.36492, -0.471604, 0.178937, -0.863465]	[-25.42626, 34.656181, -9.093291]	.	.
pr80A	w3njA	5.1	3.2	108	439	18	[ 30  49  58  62  90  98 106 131 135 151 155 159]	[160 181 186 246 267 276 289 304 312 323 353 358]	[19  5  4 20  8  8 13  4 11  4  4  8]	[0.141075, -0.016449, 0.989862, 0.447617, -0.890765, -0.078597, 0.883027, 0.454167, -0.118302]	[-7.898329, 41.633606, -1.722097]	.	.
pr80A	ggmdA	5.1	4.0	112	815	9	[  6  30  35  49  58  62  90  98 106 115 124 129 136 150 164]	[  8 252 316 336 341 372 393 434 453 470 477 493 523 532 762]	[ 5  4 14  5  4 20  8  8  9  7  4  7  7  5  5]	[-0.276547, -0.743604, 0.608748, 0.758347, -0.557951, -0.337047, 0.590281, 0.368433, 0.71821]	[-7.922611, 36.385864, -4.143548]	.	.
pr80A	bzq6A	5.1	4.8	83	801	12	[  4  34  48  58  62  90  97 106 115 129]	[106 136 151 173 185 206 225 237 247 254]	[ 4 14  4  4 20  7  9  9  6  6]	[0.795456, -0.590714, -0.135301, 0.566163, 0.64477, 0.513547, -0.216122, -0.485106, 0.847327]	[-17.552454, 16.196627, -17.950346]	.	.
pr80A	tgzmA	5.1	4.1	116	455	13	[  4   8  30  49  58  62  90  98 106 131 135 151 155 159]	[ 61  66 169 190 195 255 276 285 298 313 321 332 363 368]	[ 4  4 19  5  4 20  8  8 13  4 11  4  4  8]	[0.087732, -0.602809, 0.793048, -0.148655, -0.795126, -0.587943, 0.98499, -0.066309, -0.159368]	[-7.210905, 37.213718, 0.10402]	.	.
pr80A	ey87A	5.1	3.7	105	732	9	[ 30  35  49  58  62  90  98 106 115 124 129 136 156 164]	[191 255 275 280 311 332 373 392 409 416 432 462 469 669]	[ 4 14  5  4 20  8  8  9  6  4  7  7  4  5]	[0.080371, 0.586731, -0.805783, -0.769085, 0.550751, 0.324318, 0.634073, 0.59365, 0.495511]	[-11.122753, 29.645695, 1.086965]	.	.
pr80A	w1bnA	5.1	3.3	104	1007	12	[ 29  49  62  89  99 106 115 128 136 150 157]	[301 322 367 387 497 509 519 523 537 547 620]	[20  7 20  9  7  9  4  8 10  5  5]	[-0.169844, 0.952358, -0.253311, 0.43811, -0.157277, -0.885055, -0.88273, -0.2613, -0.390525]	[-12.26863, 55.390648, -19.591928]	.	.
pr80A	p3gzA	5.1	3.8	106	691	9	[ 30  35  49  58  62  90  98 106 115 124 129 136 156 164]	[140 211 231 237 268 289 329 348 365 372 388 418 425 666]	[ 4 14  6  4 20  8  8  9  6  4  7  7  4  5]	[-0.760607, 0.613943, 0.21107, 0.132105, 0.464678, -0.87557, -0.63563, -0.638081, -0.434543]	[-11.885614, 35.819759, 0.464137]	.	.
pr80A	c84cA	5.1	3.8	109	824	9	[  6  30  35  49  58  62  90  98 106 115 124 129 135 156 164]	[  7 261 325 345 350 381 402 443 462 479 486 502 531 539 771]	[ 4  4 14  5  4 20  8  8  9  6  4  6  8  4  5]	[-0.371028, -0.729883, 0.574116, 0.675263, -0.636459, -0.372747, 0.637463, 0.24938, 0.729007]	[-7.619479, 36.805569, -3.644047]	.	.
pr80A	ad0gA	5.1	3.1	85	821	12	[ 34  48  54  62  90  97 106 115 128 134]	[299 314 323 352 373 386 399 409 415 421]	[14  4  7 20  7  9  9  6  4  5]	[-0.654088, -0.320119, -0.685341, 0.688521, -0.627139, -0.36419, -0.31322, -0.710084, 0.630613]	[-6.439411, 62.542183, -26.056551]	.	.
pr80A	mgweA	5.1	3.3	108	450	15	[ 30  49  58  62  90  98 106 131 135 151 155 159]	[153 174 179 239 260 269 282 297 305 316 346 351]	[19  5  4 20  8  8 13  4 11  4  4  8]	[0.091939, 0.395976, 0.913647, 0.512783, -0.805347, 0.297438, 0.853581, 0.441156, -0.277092]	[-8.775309, 42.844227, -1.975451]	.	.
pr80A	hbsmA	5.1	3.2	87	730	10	[ 34  48  53  62  90  97 106 115 127 133]	[351 366 378 405 426 439 456 466 472 478]	[14  4  8 20  7  9  9  6  4  6]	[-0.364973, 0.64988, -0.666672, -0.924829, -0.170643, 0.339958, 0.107169, 0.740633, 0.663308]	[-19.283697, 36.633183, 0.759269]	.	.
pr80A	gsaoA	5.1	3.5	103	638	11	[ 30  49  62  89  99 106 114 118 127 135 150 157]	[134 154 192 212 303 315 322 328 332 343 354 393]	[19  7 20  9  7  7  4  4  5 11  5  5]	[-0.707763, -0.192868, -0.679613, 0.698329, -0.336453, -0.631772, -0.106809, -0.921738, 0.372814]	[-6.743602, 56.632133, -12.607406]	.	.
pr80A	j5qrA	5.1	3.8	98	592	11	[ 34  49  58  62  90 106 116 127 138 151 158]	[213 231 236 257 278 317 328 333 354 359 402]	[15  5  4 20 16 10  5 10  5  4  4]	[0.229101, -0.947153, 0.224532, -0.145847, -0.261465, -0.95413, 0.962414, 0.185845, -0.198041]	[-6.956928, 46.653221, 18.437798]	.	.
pr80A	in1gA	5.1	3.9	114	237	7	[ 30  68  89  97 106 115 125 139 149 155 159 164 174]	[ 73 117 139 151 167 173 179 187 194 206 211 215 224]	[25 20  8  9  6  6  6  7  6  4  4  9  4]	[-0.390152, -0.589709, -0.707124, 0.786289, -0.612995, 0.077379, -0.479095, -0.525814, 0.702842]	[-8.082391, 35.695843, -1.753736]	.	.
pr80A	w6apA	5.1	3.3	104	1069	17	[ 29  49  62  89  99 106 115 128 136 150 157]	[260 281 322 342 400 412 422 426 441 451 491]	[20  7 20  9  7  9  4  8 10  5  5]	[-0.581783, 0.118138, -0.804718, 0.689495, -0.453169, -0.565009, -0.431423, -0.883562, 0.182191]	[-4.657676, 57.64711, -12.88913]	.	.
pr80A	dbreA	5.0	3.3	104	651	13	[ 30  35  49  58  62  89  98 106 131 135 151 158]	[218 222 238 243 302 322 332 345 360 368 379 414]	[ 4 14  5  4 20  9  8 13  4 11  4  8]	[0.167745, 0.644187, 0.746247, -0.719817, -0.437185, 0.539197, 0.673591, -0.627609, 0.390361]	[-18.100025, 26.241659, -0.730599]	.	.
pr80A	em6wA	5.0	3.2	107	897	10	[ 35  48  62  89  98 107 129 136 150 156 164 170 176]	[159 171 196 216 317 351 364 369 379 405 440 444 448]	[12  4 20  9  9 13  5 10  6  7  4  4  4]	[0.718094, 0.490168, 0.494041, 0.623733, -0.138401, -0.769287, -0.308704, 0.86057, -0.405119]	[-14.249285, 17.28422, -5.219288]	.	.
pr80A	j6d0A	5.0	3.8	109	1150	14	[ 29  35  49  62  89  99 106 116 126 131 136 150 155]	[251 256 271 324 344 445 457 469 474 478 493 503 557]	[ 5 14  7 20  9  7  9  5  4  5 10  5  9]	[-0.175108, 0.972901, -0.150999, 0.439106, -0.060097, -0.896423, -0.881205, -0.223276, -0.416683]	[-14.018208, 57.975227, -16.723391]	.	.
pr80A	fz7pA	5.0	3.5	95	320	14	[ 35  49  62  89  98 106 116 127 131 135 152]	[ 15  30  92 112 127 139 154 180 191 204 213]	[14  8 20  9  8  9  8  4  4  7  4]	[-0.421282, 0.397382, 0.815235, 0.666121, -0.474441, 0.57549, 0.615471, 0.785489, -0.064831]	[-16.232908, 39.787903, -4.032503]	.	.
pr80A	d9syA	5.0	4.1	115	620	8	[ 34  58  62  88  98 107 115 119 125 135 151 158]	[ 39  59  88 108 126 140 153 158 162 179 198 362]	[20  4 20 10  8  8  4  4 10 14  4  9]	[-0.345563, -0.870944, 0.349347, -0.843265, 0.451537, 0.291579, -0.411692, -0.193833, -0.890471]	[-7.997989, 35.466076, -9.243459]	.	.
pr80A	qoy7A	5.0	3.2	103	654	14	[ 30  35  49  58  62  90  98 106 131 135 151 158]	[221 225 241 246 305 326 335 348 363 371 382 417]	[ 4 14  5  4 20  8  8 13  4 11  4  8]	[-0.012769, 0.725658, 0.687937, -0.721356, -0.483122, 0.496224, 0.692446, -0.489911, 0.529627]	[-20.206547, 26.605639, -0.724249]	.	.
pr80A	fdgwA	5.0	3.8	108	654	12	[  9  30  35  49  58  62  89  98 106 131 135 142 151 158]	[ 56 221 225 241 246 305 325 335 348 363 372 378 382 417]	[ 4  4 14  5  4 20  9  8 13  4  6  4  4  9]	[0.027705, 0.788307, 0.614658, -0.662211, -0.446139, 0.602027, 0.748805, -0.423713, 0.509665]	[-20.137783, 26.113924, 0.287819]	.	.
pr80A	e8vdA	5.0	3.8	108	693	7	[ 30  35  49  58  62  90  98 106 115 119 125 129 135 154 160]	[141 212 232 238 269 290 330 349 366 371 375 389 419 427 668]	[ 4 14  6  4 20  8  8  9  4  4  4  6  8  5  4]	[-0.397321, 0.729722, 0.556454, 0.402766, 0.683513, -0.60876, -0.82457, -0.017753, -0.565481]	[-12.673692, 34.364216, -0.737287]	.	.
pr80A	lnggA	4.9	3.3	108	451	15	[ 30  49  58  62  90  98 106 131 135 151 155 159]	[153 174 179 239 260 269 282 297 305 316 346 351]	[19  5  4 20  8  8 13  4 11  4  4  8]	[0.147547, 0.329327, 0.932616, 0.43091, -0.870144, 0.239094, 0.890251, 0.366596, -0.270297]	[-8.349891, 42.176746, -1.825106]	.	.
pr80A	jlm0A	4.9	3.3	104	1058	14	[ 29  49  62  89  99 106 115 128 136 150 157]	[265 286 332 352 451 463 473 477 491 501 541]	[20  7 20  9  7  9  4  8 10  5  5]	[0.810811, 0.406357, 0.421259, 0.367983, 0.205787, -0.906775, -0.455164, 0.890239, 0.017322]	[-2.336298, 55.227417, -18.585262]	.	.
pr80A	gg5yA	4.9	3.7	98	627	11	[ 32  49  55  62  90 108 125 134 138 151]	[254 274 279 297 318 347 359 369 375 380]	[17  5  6 20 17 11  9  4  5  4]	[-0.394942, 0.874638, 0.281123, 0.918245, 0.366118, 0.150942, 0.029095, 0.317753, -0.947727]	[-18.430651, 44.730099, 18.223515]	.	.
pr80A	ii8bA	4.9	4.2	101	783	11	[ 34  49  58  64  89  99 106 127 134 142 150 157]	[255 271 276 303 321 401 413 428 436 443 447 483]	[15  5  4 18  9  7 15  7  7  4  5  5]	[-0.494166, 0.080154, -0.865665, 0.828161, -0.259522, -0.496786, -0.264479, -0.962405, 0.061866]	[-7.688225, 61.42532, -13.920897]	.	.
pr80A	o5qkA	4.9	3.8	106	772	8	[ 30  35  49  58  62  90  98 106 115 124 129 136 154 160]	[216 281 301 306 337 358 399 422 439 446 462 493 500 736]	[ 4 14  5  4 20  8  8  9  6  4  7  7  5  5]	[-0.840412, -0.482548, 0.246688, 0.166834, -0.66344, -0.729392, 0.515629, -0.571835, 0.638069]	[-7.471464, 37.137653, -2.280605]	.	.
pr80A	rqm9A	4.9	3.7	106	689	8	[ 30  35  49  58  62  90  98 106 115 124 129 136 155 161]	[145 216 237 242 274 295 335 354 371 378 394 423 430 661]	[ 4 14  5  4 20  8  8  9  6  4  7  7  5  5]	[-0.988376, 0.15202, 0.001526, 0.052899, 0.353305, -0.934011, -0.142528, -0.923074, -0.35724]	[-9.821836, 37.249718, -2.388854]	.	.
pr80A	j8snA	4.9	4.6	97	701	11	[  1  23  34  49  58  62  90  98 106 116 128 136]	[227 341 377 393 398 418 439 467 479 507 511 518]	[ 4  6 15  5  4 20  8  8 10  4  7  6]	[0.414604, -0.764666, -0.493346, -0.558298, 0.214377, -0.801465, 0.718615, 0.607724, -0.338029]	[-19.780689, 24.225367, -16.31868]	.	.
pr80A	j87wA	4.9	3.5	92	1169	17	[ 25  35  49  62  89  98 107 116 126 138]	[648 690 705 731 751 776 788 818 823 831]	[ 8 14  7 20  9  8  9  5  8  4]	[-0.982702, 0.054472, 0.177002, -0.11347, -0.932448, -0.343023, 0.14636, -0.357173, 0.9225]	[-33.298737, 36.022869, -18.040564]	.	.
pr80A	up9kA	4.9	3.1	93	689	15	[ 23  34  49  58  62  90  98 106 116 128 136]	[326 364 380 385 405 426 454 466 494 498 505]	[ 6 15  5  4 20  8  8 10  4  7  6]	[-0.978418, -0.205625, 0.0204, 0.20383, -0.944218, 0.258661, -0.033925, 0.257236, 0.965753]	[-27.239328, 34.338669, -13.775346]	.	.
pr80A	wc27A	4.9	3.2	108	465	15	[ 30  49  58  62  90  98 106 131 135 151 155 159]	[163 184 189 249 270 279 292 307 315 326 356 361]	[19  5  4 20  8  8 13  4 11  4  4  8]	[-0.913897, 0.402765, 0.050724, 0.357458, 0.85765, -0.369675, -0.192396, -0.319713, -0.927776]	[-10.568891, 35.693726, -3.200552]	.	.
pr80A	vwpaA	4.9	4.3	101	821	14	[  1   5  23  34  49  58  62  90  98 106 116 128 136]	[ 12  18 459 498 514 521 540 561 590 602 631 635 642]	[ 4  4  6 15  5  4 20  8  8 10  4  7  6]	[-0.887325, -0.383082, 0.256716, 0.45758, -0.80051, 0.387046, 0.057233, 0.460904, 0.885603]	[-24.313555, 32.893543, -10.545206]	.	.
