fbuzA	fbuzA	31.9	0.0	172	172	100	[1]	[1]	[172]	[1.0, -0.0, -0.0, 0.0, 1.0, 0.0, 0.0, -0.0, 1.0]	[-0.0, 0.0, 0.0]	.	.
fbuzA	c8rlA	30.7	0.3	172	172	90	[1]	[1]	[172]	[-0.116366, -0.628575, 0.768994, -0.701567, -0.496033, -0.51162, 0.703039, -0.599036, -0.383266]	[-2.720662, -3.084525, 1.262811]	.	.
fbuzA	ga09A	30.6	0.3	172	172	90	[1]	[1]	[172]	[0.41453, -0.665679, -0.620514, 0.837731, 0.012776, 0.545934, -0.355489, -0.746129, 0.562955]	[-2.753139, 7.342379, -0.962383]	.	.
fbuzA	cumyA	29.8	0.4	172	175	77	[1]	[1]	[172]	[0.996835, 0.065918, -0.044437, -0.070002, 0.992755, -0.097659, 0.037678, 0.10046, 0.994227]	[0.032369, 0.22636, 0.682038]	.	.
fbuzA	qff4A	29.4	0.6	172	172	84	[1]	[1]	[172]	[0.464725, 0.740813, -0.485002, -0.658602, -0.076914, -0.74855, -0.591839, 0.667293, 0.452157]	[-7.406695, 3.529093, -3.427157]	.	.
fbuzA	cu12A	27.3	0.7	172	193	69	[1]	[1]	[172]	[0.939495, -0.340262, 0.039626, 0.31459, 0.902772, 0.293318, -0.135578, -0.263105, 0.955193]	[0.534016, 2.511613, 1.726001]	.	.
fbuzA	ky6uA	27.0	0.8	172	194	69	[1]	[1]	[172]	[0.472575, -0.787008, -0.396601, 0.796889, 0.18942, 0.573662, -0.376352, -0.587145, 0.716673]	[-2.056397, 7.462905, 1.002546]	.	.
fbuzA	eg3fA	26.9	1.1	170	215	47	[ 1 46 71]	[ 1 45 69]	[ 44  24 102]	[0.23837, -0.635986, 0.733963, -0.387473, -0.755272, -0.52861, 0.89053, -0.158386, -0.426462]	[-6.419989, 1.581506, 2.593781]	.	.
fbuzA	ghncA	26.9	0.8	172	195	68	[1]	[1]	[172]	[0.990597, -0.010532, 0.136408, 0.0089, 0.999881, 0.012568, -0.136524, -0.011235, 0.990573]	[-0.019719, 0.233563, 1.594249]	.	.
fbuzA	taz6A	26.9	0.8	172	194	70	[1]	[1]	[172]	[0.710435, -0.671897, -0.209372, 0.676347, 0.569615, 0.467005, -0.194518, -0.473384, 0.85911]	[-0.734549, 5.350178, 2.031213]	.	.
fbuzA	qkx0A	26.2	1.0	172	195	69	[1]	[1]	[172]	[0.867247, -0.484614, -0.114159, 0.434286, 0.624193, 0.649445, -0.243473, -0.612807, 0.75179]	[-5.683417, 0.452895, -0.204293]	.	.
fbuzA	i8p1A	26.1	1.1	170	507	36	[ 1 46 71]	[333 377 401]	[ 44  24 102]	[0.535152, -0.796053, 0.282686, 0.676754, 0.203726, -0.70746, 0.505585, 0.569907, 0.647757]	[-8.313002, 41.052532, -14.071015]	.	.
fbuzA	dcotA	26.0	1.1	172	195	68	[1]	[1]	[172]	[-0.834304, -0.310353, -0.455651, -0.271374, 0.950619, -0.150594, 0.479888, -0.001989, -0.877327]	[-5.309856, -0.741663, -1.143987]	.	.
fbuzA	nwk0A	25.7	1.2	172	194	70	[1]	[1]	[172]	[0.777702, -0.56989, -0.265341, 0.558429, 0.432459, 0.70791, -0.288682, -0.698717, 0.654567]	[-5.930775, 0.201301, -0.100691]	.	.
fbuzA	ez1jA	25.6	1.2	172	194	70	[1]	[1]	[172]	[0.643099, -0.765376, -0.024962, 0.445949, 0.347807, 0.824718, -0.622537, -0.541507, 0.564993]	[-3.162504, 1.456175, 1.459861]	.	.
fbuzA	gn2sA	25.5	1.5	171	217	27	[ 1 72]	[ 2 74]	[ 71 100]	[0.375551, -0.846175, -0.378085, 0.83605, 0.133251, 0.532226, -0.399976, -0.515976, 0.757488]	[0.040493, 4.840944, -0.497039]	.	.
fbuzA	r0z9A	25.4	1.6	171	219	27	[ 1 72]	[ 2 74]	[ 71 100]	[0.241147, -0.909154, -0.339541, 0.870129, 0.047602, 0.49052, -0.429795, -0.413732, 0.80256]	[-0.208584, 4.411859, 0.149547]	.	.
fbuzA	v7gtA	25.3	1.1	169	177	25	[  1  46  72 120]	[  1  45  69 118]	[44 24 48 53]	[0.992483, -0.010019, 0.121975, -0.018648, 0.972626, 0.231625, -0.120957, -0.232159, 0.965128]	[-4.239839, -0.63348, -2.225405]	.	.
fbuzA	cue9A	25.3	1.7	171	210	30	[ 1 73]	[ 2 75]	[72 99]	[-0.13645, 0.633145, -0.761912, -0.2327, -0.768071, -0.596589, -0.962929, 0.095892, 0.252136]	[-4.193555, 1.70267, -1.963803]	.	.
fbuzA	fbprA	25.2	1.7	171	219	26	[ 1 73]	[ 2 75]	[72 99]	[-0.103525, -0.55102, -0.828046, 0.63493, -0.677433, 0.371414, -0.765602, -0.4873, 0.41999]	[-3.276884, 0.500058, -1.654351]	.	.
fbuzA	v9w5A	25.2	1.0	165	210	38	[ 5 73]	[ 1 68]	[ 65 100]	[-0.683562, -0.72637, 0.071615, -0.649724, 0.56084, -0.513145, 0.332568, -0.397297, -0.855309]	[-2.562574, 1.4911, 3.874849]	.	.
fbuzA	evfcA	25.2	1.5	171	230	33	[  1  46  71 120 135 168]	[  1  47  71 121 138 172]	[45 24 49 15 33  5]	[0.982561, 0.060637, 0.175773, -0.142417, 0.853196, 0.50177, -0.119543, -0.518053, 0.846954]	[-2.733681, 2.324116, 4.474104]	.	.
fbuzA	dftoA	25.2	1.7	171	217	27	[ 1 71]	[ 2 73]	[ 70 101]	[-0.40223, -0.164874, -0.900571, 0.382004, -0.92416, -0.001425, -0.832036, -0.344595, 0.434707]	[-2.753263, 0.8726, -1.373839]	.	.
fbuzA	n4jaA	25.2	1.7	171	215	29	[ 1 71]	[ 2 73]	[ 70 101]	[-0.227942, 0.939051, -0.257345, -0.432107, -0.334411, -0.837528, -0.87254, -0.079707, 0.481997]	[-3.511102, 2.488203, -1.927451]	.	.
fbuzA	d533A	25.1	1.3	171	194	35	[  1  45  71 120 137 168]	[  1  46  71 121 140 172]	[44 25 49 17 31  5]	[-0.107988, 0.509778, -0.853501, -0.323267, -0.829872, -0.454764, -0.940126, 0.2268, 0.254411]	[-6.151821, 2.662588, -1.13229]	.	.
fbuzA	fyzlA	24.9	1.4	170	228	31	[ 1 46 73]	[ 2 48 73]	[ 45  25 100]	[0.138158, 0.843752, -0.518648, -0.578259, -0.356424, -0.733879, -0.80407, 0.401304, 0.438664]	[-5.990859, 0.006688, 0.894542]	.	.
fbuzA	ahujA	24.9	1.3	170	183	34	[  1  27  46  72 120 135]	[  2  32  52  76 125 144]	[26 19 24 48 15 38]	[0.462354, 0.883346, 0.076997, -0.578056, 0.366127, -0.729248, -0.672369, 0.292662, 0.679904]	[-5.890396, 0.93039, -1.813381]	.	.
fbuzA	guksA	24.9	1.3	168	171	25	[  1  72 137 167]	[  2  71 137 168]	[69 65 30  4]	[0.961032, 0.212427, 0.176896, -0.185332, 0.969913, -0.157862, -0.205108, 0.118926, 0.971487]	[-0.508877, -2.507844, -1.703402]	.	.
fbuzA	ix7wA	24.7	1.1	170	200	42	[ 1 73]	[ 1 72]	[ 70 100]	[0.089335, 0.964525, -0.248415, -0.613612, -0.143161, -0.776521, -0.784537, 0.221801, 0.579055]	[-5.324324, 1.867553, -0.415816]	.	.
fbuzA	hk7qA	24.6	1.3	170	185	34	[  1  27  46  73 120 135]	[  2  32  52  77 125 144]	[26 19 25 47 15 38]	[0.782847, 0.328827, 0.528226, -0.167199, 0.928895, -0.330453, -0.599329, 0.170375, 0.782162]	[-4.901331, 0.756806, -1.630925]	.	.
fbuzA	ew6zA	24.5	1.4	171	179	28	[  1  46  71 120 137]	[  1  47  71 121 140]	[45 24 49 17 36]	[-0.194859, 0.54299, 0.816818, 0.583489, -0.605221, 0.541524, 0.788397, 0.582125, -0.198896]	[-4.582136, 0.633466, -1.132807]	.	.
fbuzA	j2ohA	24.4	1.2	171	192	33	[  1  27  46  71 120 136]	[  1  29  49  73 123 142]	[26 19 24 49 16 37]	[-0.564687, -0.824602, 0.034054, -0.714246, 0.467608, -0.520764, 0.4135, -0.318392, -0.853021]	[-5.131483, -3.9539, 1.738523]	.	.
fbuzA	ih4zA	24.3	1.1	170	204	39	[ 1 73]	[ 1 72]	[ 70 100]	[0.864583, 0.465718, 0.188689, -0.378101, 0.850277, -0.366155, -0.330963, 0.245227, 0.911223]	[-6.095289, 0.352046, -2.609462]	.	.
fbuzA	w5pzA	24.3	1.3	171	192	35	[  1  27  46  71 120 137]	[  1  29  49  73 123 143]	[26 19 24 49 17 36]	[0.06065, 0.626352, -0.777177, -0.519022, -0.645283, -0.560558, -0.852606, 0.43737, 0.285954]	[-7.06881, 3.080664, -1.280186]	.	.
fbuzA	ut3cA	24.2	1.3	171	190	31	[  1  27  46  71 120 136 168]	[  1  29  49  73 123 142 175]	[26 19 24 49 16 32  5]	[0.836986, 0.511085, 0.195568, -0.424393, 0.831861, -0.357629, -0.345464, 0.216333, 0.913157]	[-3.409298, -3.244977, 0.76834]	.	.
fbuzA	evhnA	24.2	1.4	170	175	28	[  1  71 121 137]	[  2  71 120 137]	[69 49 16 36]	[0.450192, -0.782593, -0.42997, 0.567504, -0.121002, 0.814431, -0.689395, -0.610661, 0.389651]	[-4.968311, 1.031227, -1.09029]	.	.
fbuzA	jmh0A	24.0	1.3	170	190	31	[  1  27  46  71 120 136 168]	[  1  29  49  73 123 142 175]	[26 19 24 49 15 32  5]	[0.972025, -0.184287, 0.145623, 0.134918, 0.945586, 0.296081, -0.192263, -0.268151, 0.943997]	[-6.952752, 1.080708, 0.072256]	.	.
fbuzA	is7gA	24.0	1.1	170	205	40	[ 1 73]	[ 1 72]	[ 70 100]	[0.291065, 0.825863, -0.482941, -0.379894, -0.363522, -0.850607, -0.878044, 0.431048, 0.207931]	[-5.018314, -0.517524, -3.167935]	.	.
fbuzA	v0vpA	24.0	1.1	170	205	40	[ 1 73]	[ 1 72]	[ 70 100]	[0.137202, -0.390596, 0.91028, -0.369978, -0.872669, -0.318692, 0.918853, -0.293059, -0.264244]	[-5.004615, 0.725063, -2.600753]	.	.
fbuzA	eqtwA	23.8	1.6	171	183	22	[  1  46  71 137]	[  1  47  71 138]	[45 24 66 36]	[0.486954, 0.797519, -0.356145, -0.644733, 0.053132, -0.762559, -0.589233, 0.600949, 0.54006]	[-7.43094, 0.723429, -2.667622]	.	.
fbuzA	c1xmA	23.7	1.3	171	199	31	[ 1 72]	[ 2 72]	[ 70 101]	[0.689348, -0.710698, -0.140383, 0.650176, 0.5215, 0.552548, -0.319485, -0.472171, 0.821574]	[-0.143615, 3.267373, -1.201583]	.	.
fbuzA	tm1mA	23.7	1.7	169	176	24	[  1  46 137]	[  2  48 140]	[45 91 33]	[-0.231847, -0.566517, 0.790763, -0.378826, -0.696152, -0.609806, 0.895956, -0.440943, -0.053211]	[-3.102314, 0.069215, -2.070046]	.	.
fbuzA	bjk5A	23.7	1.7	172	195	32	[  1  28  46  63  72 120 136]	[  2  36  55  73  84 133 155]	[27 18 17  9 48 16 37]	[0.565934, 0.791813, 0.229676, -0.590333, 0.583653, -0.557545, -0.575522, 0.179948, 0.797742]	[-6.012719, 2.267988, 0.432483]	.	.
fbuzA	geyuA	23.6	1.6	169	177	24	[  1  46 137]	[  2  48 140]	[45 91 33]	[0.013607, 0.071431, 0.997353, 0.163097, -0.984245, 0.068267, 0.986516, 0.161737, -0.025043]	[-5.456975, 0.748174, -0.688987]	.	.
fbuzA	b4lsA	23.6	1.8	171	185	32	[  1  28  46  65  71 120 136]	[  2  34  53  73  78 128 149]	[27 18 19  5 49 16 37]	[0.529832, -0.825559, -0.194244, 0.517089, 0.132913, 0.845549, -0.672233, -0.54844, 0.497309]	[-5.870472, 1.055833, -1.285729]	.	.
fbuzA	a474A	23.6	1.6	172	196	33	[  1  27  46  61  74 120 137]	[  1  31  51  67  86 133 154]	[26 19 15 13 46 17 36]	[0.259305, -0.724617, -0.638507, 0.530759, -0.445421, 0.721038, -0.80688, -0.525862, 0.269097]	[-4.430581, -0.13599, -1.742195]	.	.
fbuzA	qm9aA	23.6	1.6	168	176	25	[  1  46  72 137]	[  2  48  74 140]	[45 25 65 33]	[0.192243, -0.245337, -0.950185, 0.287578, -0.911655, 0.293572, -0.938265, -0.329689, -0.104705]	[-6.357191, 1.115479, -1.96548]	.	.
fbuzA	grf1A	23.5	1.4	169	184	32	[  1  59  65  71 120 135]	[  1  60  65  70 118 135]	[58  5  5 48 15 38]	[0.522812, -0.771898, -0.361721, 0.577669, 0.008766, 0.816224, -0.626871, -0.635686, 0.450484]	[-4.891084, 2.429922, -1.555843]	.	.
fbuzA	dqrcA	23.5	1.2	169	209	37	[ 1 46 73]	[ 1 45 71]	[ 44  25 100]	[-0.233757, 0.54245, -0.806911, -0.165014, -0.839998, -0.516889, -0.95819, 0.012325, 0.285867]	[-4.890022, 2.51548, 1.122971]	.	.
fbuzA	bvryA	23.4	1.7	172	196	33	[  1  27  46  64  73 120 136]	[  1  31  51  70  85 133 153]	[26 19 18  9 47 16 37]	[0.678388, 0.71994, 0.146549, -0.557017, 0.634053, -0.536385, -0.479085, 0.282247, 0.831152]	[-7.23809, -1.886196, -1.949309]	.	.
fbuzA	uypvA	23.3	1.7	166	200	17	[  1  46  61  66  71 119]	[  1  45  63  67  73 122]	[44 15  4  5 47 51]	[-0.223187, 0.424078, 0.877693, 0.41097, -0.775532, 0.479221, 0.883907, 0.467662, -0.001194]	[-5.382021, -0.17856, -1.131295]	.	.
fbuzA	nj9gA	22.9	1.8	169	707	25	[  1   7  26  48  72 136]	[  2   9  29  52  74 139]	[ 6 19 22 22 64 36]	[0.242269, -0.953317, -0.180254, -0.298612, -0.250038, 0.921038, -0.923112, -0.169313, -0.345249]	[-5.022187, -34.927902, -14.861824]	.	.
fbuzA	o5v5A	22.9	1.7	169	646	21	[  1   7  26  48  72 136]	[  2   9  29  52  74 139]	[ 6 19 22 22 64 36]	[-0.201116, -0.969262, -0.141718, -0.290962, -0.079035, 0.953464, -0.935357, 0.232991, -0.266123]	[-4.829921, -34.216965, -11.996236]	.	.
fbuzA	d2hcA	22.9	1.5	170	196	21	[  1  71 120]	[  2  71 126]	[69 48 53]	[0.963508, -0.240577, 0.117367, 0.186857, 0.918445, 0.348631, -0.191668, -0.313978, 0.929882]	[-5.007603, 1.15757, -2.378337]	.	.
fbuzA	wcubA	22.9	1.4	170	199	31	[  1  27  46 118 135 168]	[  1  29  49 119 139 173]	[26 19 70 17 33  5]	[0.631595, -0.740678, -0.229095, 0.554835, 0.225418, 0.80084, -0.541522, -0.632916, 0.553327]	[-5.147601, 0.045859, 1.93689]	.	.
fbuzA	wco7A	22.4	1.5	170	246	28	[  1  27  46  71 120 137]	[  2  32  52  83 141 192]	[26 19 25 48 17 35]	[0.943374, -0.314892, 0.104347, 0.230893, 0.849136, 0.475033, -0.238189, -0.42404, 0.873759]	[-3.898492, 1.907145, -2.756459]	.	.
fbuzA	eei9A	22.4	1.7	161	236	27	[  1  46  70 118]	[  5  49  71 117]	[44 18 46 53]	[0.495052, -0.735576, -0.462441, 0.820775, 0.221302, 0.526643, -0.285047, -0.640276, 0.713299]	[-1.149419, 4.634046, -0.211659]	.	.
fbuzA	k68qA	22.4	1.6	158	296	32	[  1  46  72 138 167]	[  5  51  68 129 159]	[45 17 61 29  6]	[0.982498, 0.123232, 0.139681, -0.111917, 0.989973, -0.086181, -0.148901, 0.06904, 0.986439]	[-4.161685, -0.088996, -0.907344]	.	.
fbuzA	gelvA	22.4	1.8	169	715	24	[  1   7  26  48  73 136]	[  2   9  29  52  75 139]	[ 6 19 22 23 63 36]	[-0.60141, 0.691389, -0.400359, -0.796111, -0.476465, 0.37308, 0.067186, 0.543104, 0.836973]	[-6.034753, -34.869358, -15.116797]	.	.
fbuzA	e8j5A	22.4	1.6	166	189	25	[  1  46  67  71 137]	[  2  48  80  85 152]	[45 18  4 66 33]	[0.938515, -0.343558, -0.034033, 0.330325, 0.864936, 0.377851, -0.100377, -0.365861, 0.925241]	[-5.21139, 0.523384, -1.517008]	.	.
fbuzA	ejmoA	22.3	1.7	169	659	21	[  1   7  26  48  72 136]	[  2   9  29  52  74 139]	[ 6 19 22 22 64 36]	[-0.495617, 0.867435, 0.043821, 0.747526, 0.40033, 0.530039, 0.442232, 0.295454, -0.84684]	[-9.136618, -27.882465, -25.16045]	.	.
fbuzA	ib3nA	22.2	1.9	169	718	22	[  1   7  26  48  73 136]	[  2   9  29  52  75 139]	[ 6 19 22 23 63 36]	[-0.447768, 0.856931, -0.255288, 0.890054, 0.399871, -0.218876, -0.085479, -0.325226, -0.941765]	[-7.160408, -36.54887, -14.751994]	.	.
fbuzA	e7naA	22.2	1.7	169	696	25	[  1   7  26  48  72 136]	[  2   9  29  52  74 139]	[ 6 19 22 22 64 36]	[-0.579815, 0.720259, -0.380844, -0.814629, -0.520498, 0.255855, -0.013947, 0.458596, 0.888536]	[-5.391319, -36.644867, -18.339027]	.	.
fbuzA	isesA	22.1	1.8	167	200	19	[  1  46  61  71 119]	[  1  45  62  73 122]	[44 15 10 47 51]	[-0.13398, -0.878818, 0.45796, -0.837248, -0.146845, -0.526738, 0.530156, -0.453999, -0.716114]	[-6.294207, 0.477771, -0.390378]	.	.
fbuzA	djk8A	22.1	1.9	169	720	24	[  1   7  26  48  73 136]	[  2   9  29  52  75 139]	[ 6 19 22 23 63 36]	[-0.144796, -0.855895, -0.496465, -0.338142, -0.42874, 0.83776, -0.92989, 0.289179, -0.227334]	[-6.98193, -34.655796, -14.016241]	.	.
fbuzA	i841A	22.1	1.8	169	695	21	[  1   7  26  48  73 136]	[  2   9  29  52  75 139]	[ 6 19 22 23 63 36]	[-0.358954, -0.507381, -0.783401, 0.03267, -0.845654, 0.53273, -0.932783, 0.165631, 0.320127]	[7.358679, -27.628918, -29.952299]	.	.
fbuzA	da5dA	22.1	1.7	169	696	25	[  1   7  26  46  73 136]	[  2   9  29  50  75 139]	[ 6 19 20 25 63 36]	[-0.661823, 0.056825, -0.747504, -0.599129, -0.639429, 0.481846, -0.450595, 0.766747, 0.457234]	[-3.919474, -35.755283, -15.585213]	.	.
fbuzA	e75bA	22.0	1.8	169	715	25	[  1   7  26  48  73 136]	[  2   9  29  52  75 139]	[ 6 19 22 23 63 36]	[-0.623326, 0.639831, -0.449534, -0.779543, -0.463273, 0.421533, 0.061452, 0.613184, 0.787546]	[-5.139989, -32.512554, -14.378715]	.	.
fbuzA	uye7A	22.0	1.9	169	354	23	[  1   7  26  48  73 136]	[  2   9  29  52  75 139]	[ 6 19 22 23 63 36]	[0.589744, 0.678683, 0.437712, -0.788383, 0.601327, 0.129843, -0.175086, -0.421658, 0.88969]	[-6.681925, -12.331906, -3.597194]	.	.
fbuzA	glunA	22.0	1.7	169	696	25	[  1   7  26  48  72 136]	[  2   9  29  52  74 139]	[ 6 19 22 22 64 36]	[-0.660227, 0.33138, -0.674008, -0.701793, -0.591877, 0.396444, -0.267556, 0.734758, 0.623334]	[-4.179122, -34.831551, -15.700183]	.	.
fbuzA	iagxA	21.8	1.9	167	200	19	[  1  46  61  71 119]	[  1  45  62  73 122]	[44 15 10 47 51]	[-0.047622, -0.852135, 0.52115, -0.794954, -0.283574, -0.536316, 0.604798, -0.439831, -0.663904]	[-6.328959, 1.388889, -1.245368]	.	.
fbuzA	ivpsA	21.8	1.7	169	202	19	[  1   7  46  61  65  71 120]	[  1   8  46  63  70  75 123]	[ 6 38 15  4  5 48 53]	[0.869506, 0.485058, 0.093155, -0.473394, 0.87222, -0.123005, -0.140916, 0.062855, 0.988024]	[-6.313098, 0.301692, -2.41766]	.	.
fbuzA	oe7tA	21.7	1.7	169	669	22	[  1   7  26  48  73 136]	[  2   9  29  52  75 139]	[ 6 19 22 23 63 36]	[0.395513, -0.744983, 0.537188, 0.494088, 0.665618, 0.559312, -0.774239, 0.044203, 0.631347]	[-23.419741, 6.759733, -34.779953]	.	.
fbuzA	i6inA	21.6	1.4	164	209	21	[  1   7  46  63  72 119]	[  1   8  46  69  75 123]	[ 6 38 15  4 47 54]	[-0.124278, 0.309065, 0.942886, 0.2892, -0.897714, 0.332376, 0.949167, 0.31399, 0.022185]	[-2.613651, -0.420067, 0.620689]	.	.
fbuzA	w9zrA	21.2	1.4	170	241	25	[  1  46  70  74 119 136]	[  1  47  73  81 138 187]	[45 24  4 44 17 36]	[0.271225, -0.797696, -0.538626, 0.856058, -0.055895, 0.513848, -0.440001, -0.600464, 0.667714]	[-2.257119, 6.766062, 1.033269]	.	.
fbuzA	j18fA	21.1	2.2	168	689	18	[  1   7  26  48  65  72 136]	[  2   9  29  52  69  74 139]	[ 6 19 22 16  5 64 36]	[0.595594, -0.680141, 0.427406, -0.397211, -0.711833, -0.579239, 0.698206, 0.175221, -0.694123]	[14.501773, -8.542842, -20.082184]	.	.
fbuzA	k7czA	21.1	1.8	168	213	21	[  2  62  72 100 118 137]	[  1  63  71 100 117 137]	[60  8 28 17 19 36]	[0.960458, 0.208709, 0.184284, -0.218274, 0.975329, 0.033012, -0.172848, -0.071931, 0.982318]	[-5.455891, 2.083496, -3.002125]	.	.
fbuzA	dosuA	21.0	1.8	163	210	21	[  1   7  46  59  63  72 120]	[  1   8  46  60  71  75 128]	[ 6 38 13  4  4 47 51]	[0.121298, 0.121918, -0.9851, 0.128491, -0.986007, -0.106209, -0.984265, -0.113693, -0.135266]	[-4.956377, -0.609797, -1.451933]	.	.
fbuzA	dmyoA	21.0	2.1	169	719	24	[  1   7  26  48  72 136]	[  2   9  29  52  74 139]	[ 6 19 22 22 64 36]	[-0.748204, -0.139888, -0.648554, 0.468067, -0.804085, -0.366551, -0.470216, -0.577822, 0.667097]	[15.451294, -11.09918, -25.813322]	.	.
fbuzA	vym0A	20.8	1.8	172	219	29	[  1  27  46  70  74 135 144 168]	[  1  29  49  75  80 143 153 178]	[26 19 24  4 61  9 24  5]	[-0.114001, 0.532355, 0.83881, 0.588552, -0.644019, 0.488719, 0.800381, 0.549398, -0.2399]	[-4.965491, 2.21959, 2.112731]	.	.
fbuzA	w0q2A	20.5	1.7	171	272	26	[  1  27  46  72 118 137]	[  2  32  52  84 150 216]	[26 19 26 46 19 35]	[-0.306669, -0.893781, 0.327276, -0.788, 0.045549, -0.613988, 0.533864, -0.446184, -0.718268]	[-2.249355, -3.837826, 1.086024]	.	.
fbuzA	j5cdA	20.4	1.6	169	248	26	[  1  46  70  74 119 136]	[  1  47  73  81 143 192]	[45 24  4 44 16 36]	[-0.603126, -0.797547, 0.012578, -0.709622, 0.5293, -0.465057, 0.364247, -0.289414, -0.885191]	[-4.161996, -4.394273, 1.170295]	.	.
fbuzA	jjwqA	19.3	1.5	168	282	26	[  1  46  71 120 136]	[  1  47  78 151 203]	[45 25 47 15 36]	[-0.361214, -0.911001, 0.199, -0.778912, 0.177447, -0.601505, 0.51266, -0.372276, -0.773686]	[-3.187937, -3.694732, 2.491065]	.	.
fbuzA	utkcA	19.1	1.5	169	337	27	[  1  46  73 119 136]	[ 58 104 137 204 257]	[45 25 46 17 36]	[-0.854722, -0.477433, -0.203735, -0.420345, 0.866884, -0.267998, 0.304565, -0.143425, -0.941631]	[-7.100374, -4.632649, 0.720685]	.	.
fbuzA	f305A	18.5	1.7	170	265	16	[  1   7  26  73 137]	[  2   9  29  74 140]	[ 6 19 45 64 36]	[0.859728, -0.497315, 0.116383, 0.399255, 0.79648, 0.454109, -0.318532, -0.343944, 0.883312]	[1.713154, 1.294959, 1.100356]	.	.
fbuzA	c1fxA	18.2	1.8	150	671	23	[ 20  26  46  73 136]	[  1   8  29  54 118]	[ 6 20 25 63 36]	[0.501345, -0.398854, 0.767834, 0.07166, -0.865226, -0.496234, 0.862275, 0.303807, -0.405195]	[-7.928401, -9.821572, -37.095669]	.	.
fbuzA	vcoaA	18.0	1.7	160	683	21	[  1   7  26  48  68  73  92 136]	[  2   9  29  52  71  75  85 130]	[ 6 19 22 19  4 10 44 36]	[0.450183, -0.892933, 0.00254, -0.347895, -0.172774, 0.921476, -0.822378, -0.415716, -0.388427]	[-6.596642, -38.32938, -15.154417]	.	.
fbuzA	csdnA	17.8	2.3	150	583	23	[  1   7  26  46  60  72 136]	[  2   9  29  50  65  74 139]	[ 6 19 20 14  4 64 23]	[-0.024504, 0.966725, 0.254641, 0.358435, -0.229286, 0.90496, 0.933233, 0.113447, -0.34089]	[15.275214, -5.085709, -25.27173]	.	.
fbuzA	no7sA	17.5	1.9	160	684	14	[  1   7  39  46 100 136]	[  2   9  41  47 105 142]	[ 6 22  6 54 36 36]	[0.546082, -0.683014, 0.485063, -0.438325, 0.260481, 0.860245, -0.713909, -0.682379, -0.157138]	[-3.855993, -37.26141, -20.325068]	.	.
fbuzA	f60eA	17.1	2.6	162	174	15	[  1  24  28  33  40  47  61  71  88 102 120]	[  2  27  33  40  46  53  70  79  95 109 126]	[23  4  5  6  6 14  9 16 13 17 49]	[-0.489984, 0.680465, 0.544869, 0.659712, -0.119117, 0.742019, 0.569821, 0.723034, -0.390546]	[-3.094119, -0.665225, -2.358575]	.	.
fbuzA	na59A	17.0	2.8	163	174	15	[  1  24  28  33  40  60  71  88 102 120]	[  2  27  33  40  46  69  79  95 109 126]	[23  4  5  6 20 10 16 13 17 49]	[-0.474126, 0.680726, 0.558405, 0.656712, -0.149029, 0.73927, 0.586459, 0.717218, -0.376382]	[-3.486471, -0.563299, -2.452438]	.	.
fbuzA	l08iA	16.9	2.6	162	174	15	[  1  24  28  33  40  47  60  71  88 102 120]	[  2  27  33  40  46  53  69  79  95 109 126]	[23  4  5  6  6 13 10 16 13 17 49]	[-0.488288, 0.682217, 0.544201, 0.651407, -0.130042, 0.747501, 0.580727, 0.719492, -0.380903]	[-3.153282, -0.979099, -2.403217]	.	.
fbuzA	jvf0A	16.4	2.5	156	173	11	[  1  12  24  28  34  49  60  71  88 102 119]	[  2  14  28  34  43  53  67  77  93 107 121]	[11 12  4  4 10 11 10 16 13 14 51]	[-0.879682, -0.132619, -0.456696, -0.136124, 0.990366, -0.02539, 0.455664, 0.039832, -0.88926]	[-2.606578, -0.518781, -2.986279]	.	.
fbuzA	jzokA	15.7	2.8	151	161	12	[  1  24  28  34  49  61  71  91 119]	[  2  27  33  40  50  65  74  88 113]	[23  4  5 10 12  9 14 25 49]	[0.165297, 0.095765, 0.981583, 0.203631, -0.977143, 0.061041, 0.964993, 0.189791, -0.18102]	[-0.52034, 4.29058, -0.118731]	.	.
fbuzA	hvz5A	15.7	3.0	156	1064	5	[  2   6  19  23  28  34  49  60  74 101 134]	[ 892  897  909  917  923  930  941  955  960  991 1025]	[ 4 12  4  5  6 11 11  4 27 33 39]	[0.118806, -0.512502, -0.850428, 0.935753, -0.228628, 0.268506, -0.332042, -0.82769, 0.452413]	[21.74753, 26.575199, -21.946381]	.	.
fbuzA	jxsyA	15.7	2.9	156	168	12	[  1  24  30  35  40  49  61  71  88 103 119]	[  2  27  35  39  43  49  64  73  89 104 117]	[23  5  4  4  5 12  9 16 13 13 52]	[-0.265359, 0.687522, 0.675943, 0.683921, -0.359931, 0.634588, 0.679586, 0.630685, -0.3747]	[-3.890532, 0.20582, -2.798443]	.	.
fbuzA	acr2A	15.7	3.1	156	1020	8	[  2   6  20  24  28  34  49  71 101 133]	[848 853 866 873 879 886 897 912 946 979]	[ 4 13  4  4  5 11 13 30 32 40]	[0.668779, 0.684664, -0.289776, -0.436037, 0.045523, -0.898777, -0.602168, 0.727436, 0.328984]	[17.922287, -0.748054, -32.726864]	.	.
fbuzA	cimkA	15.6	3.1	156	354	8	[  1   6  20  24  28  34  49  60  73 101 134]	[183 189 202 209 215 222 233 247 251 283 317]	[ 5 13  4  4  5 11 11  4 28 33 38]	[0.647075, -0.239601, 0.723799, -0.492884, -0.855748, 0.157357, 0.581687, -0.45857, -0.671829]	[-4.786467, 8.869318, -12.929808]	.	.
fbuzA	bi55A	15.6	3.0	153	1069	6	[  2   6  20  24  28  34  49  60  73 101 134]	[ 902  907  920  927  933  940  951  965  969 1001 1035]	[ 4 13  4  4  6 11 11  4 28 33 35]	[-0.844989, 0.198852, 0.496439, 0.390074, -0.405857, 0.826513, 0.365837, 0.892042, 0.265377]	[22.86587, 3.218984, -25.950096]	.	.
fbuzA	btmuA	15.5	2.8	153	1111	7	[  1   6  20  24  28  34  49  74 101 134]	[ 941  947  960  967  973  980  991 1009 1040 1074]	[ 5 13  4  4  6 11 12 27 33 38]	[0.651022, 0.138398, -0.746335, 0.715095, 0.217939, 0.664185, 0.254578, -0.9661, 0.042916]	[-44.304184, 11.97255, -31.545967]	.	.
fbuzA	bpa5A	15.3	3.1	157	1092	8	[  1   6  20  24  28  34  49  60  74 101 134]	[ 919  925  938  945  951  958  969  983  988 1019 1053]	[ 5 13  4  4  6 11 11  4 27 33 39]	[-0.682464, -0.452576, 0.57395, -0.650764, 0.018708, -0.759049, 0.33279, -0.891529, -0.307288]	[-3.07577, 14.838099, -32.438122]	.	.
fbuzA	b4tbA	15.2	3.0	149	1090	9	[  1   6  20  24  28  34  40  49  72 101 134]	[ 922  928  941  949  954  961  967  972  989 1022 1056]	[ 5 13  4  4  6  5  5 12 29 33 33]	[0.140259, 0.919475, 0.367279, -0.969798, 0.05282, 0.23812, 0.199546, -0.389585, 0.899113]	[3.608274, 5.902544, -28.382246]	.	.
fbuzA	a85sA	15.2	2.9	157	623	6	[  2   6  24  28  34  40  50  70  75  87 101 134]	[277 282 302 308 318 324 330 345 351 362 380 414]	[ 4 18  4  4  5  5 15  5 11 14 33 39]	[0.718789, -0.488337, -0.494842, 0.685115, 0.376579, 0.623544, -0.118153, -0.78722, 0.605248]	[10.440919, 4.530216, -7.295972]	.	.
fbuzA	hc4nA	15.2	2.9	155	982	6	[  2   6  19  23  28  34  49  60  74 101 133]	[810 815 827 835 841 848 859 873 878 909 942]	[ 4 12  4  5  5 11 11  4 27 32 40]	[-0.757907, 0.042727, 0.650962, -0.624231, -0.337368, -0.70464, 0.189507, -0.940403, 0.282365]	[21.708935, -3.129321, -10.26404]	.	.
fbuzA	av0mA	14.9	2.9	157	623	6	[  2   6  24  28  34  40  50  70  74  87 101 133]	[277 282 302 308 318 324 330 345 350 362 380 413]	[ 4 18  4  4  5  5 15  4 12 14 32 40]	[0.179857, -0.564847, -0.805357, 0.795287, -0.398343, 0.456991, -0.578938, -0.722683, 0.377571]	[5.936723, 7.37685, -10.448341]	.	.
fbuzA	au7hA	14.8	3.0	157	1027	7	[  2   6  19  23  28  47  59  74 101 134]	[855 860 872 880 886 903 918 923 954 988]	[ 4 12  4  5 17 12  4 27 33 39]	[0.243949, 0.277295, 0.929299, 0.631454, -0.7727, 0.064804, 0.736039, 0.571001, -0.363599]	[29.901905, 2.655704, -6.513802]	.	.
fbuzA	adeaA	14.6	2.9	159	594	11	[  2   6  24  28  34  49  62  72 101 118 133]	[402 407 429 435 442 454 468 473 506 521 537]	[ 4 18  4  5 11 13  5 29 15 15 40]	[0.630806, -0.761145, 0.150803, 0.440978, 0.511573, 0.737449, -0.638453, -0.398687, 0.658352]	[-0.79186, -1.721495, -24.573313]	.	.
fbuzA	a0tbA	14.5	3.0	153	1034	8	[  2   6  20  24  28  34  49  60  73 101 133 166]	[ 867  872  885  893  898  905  916  930  934  966  999 1030]	[ 4 13  4  4  6 11 11  4 28 32 31  5]	[0.238521, -0.268766, 0.933206, 0.934393, -0.198318, -0.29594, 0.26461, 0.942568, 0.20383]	[-23.027576, 39.177963, -40.286449]	.	.
fbuzA	b190A	14.5	3.2	153	672	8	[  2   6  20  24  28  34  49  60  73 101 120 133]	[497 502 515 522 528 535 546 560 564 596 621 635]	[ 4 13  4  4  6 11 11  4 28 17 13 38]	[-0.095258, -0.190747, -0.977006, 0.278037, 0.937311, -0.210105, 0.955835, -0.291658, -0.036252]	[24.948843, -2.549164, -5.884298]	.	.
fbuzA	br5gA	14.5	3.2	153	955	5	[  2   6  20  24  28  34  49  60  73 101 134 167]	[788 793 806 814 819 826 837 851 855 887 921 952]	[ 4 13  4  4  6 11 11  4 28 33 31  4]	[0.737841, -0.050137, 0.67311, -0.217734, 0.926247, 0.307665, -0.638892, -0.373567, 0.672507]	[31.951273, 1.573232, -11.361368]	.	.
fbuzA	hoc4A	14.5	3.2	159	585	10	[  2   6  23  28  34  49  62  72 101 118 133]	[396 401 422 429 436 448 462 467 500 515 531]	[ 4 17  5  5 11 13  5 29 15 15 40]	[0.704425, 0.543821, 0.456118, -0.436658, 0.838659, -0.325547, -0.559567, 0.030156, 0.828237]	[2.830106, -2.571127, -22.934984]	.	.
fbuzA	eyqgA	14.3	2.8	155	1438	15	[  1   8  23  28  33  51  62  72  83  88 101 118 133]	[1059 1067 1087 1093 1100 1109 1121 1126 1138 1142 1159 1174 1190]	[ 7 15  5  5  9 11  5 11  4 13 15 15 40]	[0.956536, 0.272025, 0.105079, -0.281937, 0.954727, 0.094909, -0.074504, -0.12041, 0.989925]	[25.102053, -15.722177, -5.675942]	.	.
fbuzA	blknA	14.3	3.2	159	630	9	[  2   6  23  28  34  49  62  72 101 118 133]	[436 441 462 469 476 488 502 507 540 555 571]	[ 4 17  5  5 11 13  5 29 15 15 40]	[0.618057, -0.651653, 0.43972, 0.426226, 0.747771, 0.509087, -0.660558, -0.127224, 0.739917]	[1.852095, 2.158377, -22.012701]	.	.
fbuzA	hfipA	14.3	3.0	152	1027	5	[  2   6  20  24  28  48  72 101 133]	[862 867 880 888 893 911 927 960 993]	[ 4 13  4  4 18 13 29 32 35]	[-0.641501, -0.766685, 0.025901, 0.635329, -0.512064, 0.578054, -0.429922, 0.387278, 0.815587]	[13.480567, 55.787445, -15.408443]	.	.
fbuzA	eyewA	14.2	2.8	153	674	14	[  2   6  24  28  33  49  70  83  88 101 118 133]	[409 414 437 443 450 464 481 495 499 516 531 547]	[ 4 18  4  5 10 15 13  4 13 15 15 37]	[-0.368478, -0.238121, -0.898622, 0.121245, -0.970692, 0.207502, -0.921696, -0.032493, 0.38655]	[-10.514125, -6.551318, -8.558656]	.	.
fbuzA	f089A	14.2	2.9	161	259	10	[  1  24  28  32  48  60  91 100 117 148]	[  1  25  30  37  52  66  91 102 177 209]	[23  4  4 14 12 25  9 16 31 23]	[-0.192929, 0.783037, -0.591296, 0.071077, -0.589881, -0.804356, -0.978635, -0.197211, 0.058149]	[-3.461578, -2.702224, 0.324214]	.	.
fbuzA	c245A	14.2	2.5	159	270	4	[  1  24  28  32  40  47  60  91 100 120]	[  2  26  31  39  46  52  67  92 103 187]	[23  4  4  7  6 13 25  9 17 51]	[-0.345853, 0.111005, -0.9317, 0.494854, -0.822071, -0.281636, -0.797186, -0.55846, 0.229384]	[-1.425755, -4.118715, -0.866393]	.	.
fbuzA	v8uoA	14.2	2.7	160	295	6	[  1  24  28  32  48  60  91 100 117]	[  1  25  30  37  58  72  97 109 200]	[23  4  4 13 12 25  9 16 54]	[-0.922964, 0.088226, -0.374638, -0.198777, 0.724248, 0.660267, 0.329584, 0.683872, -0.650917]	[-5.461317, -2.691814, -0.520157]	.	.
fbuzA	ddaiA	14.2	2.6	161	271	9	[  1  24  28  32  40  47  60  91 100 117]	[  2  26  31  39  46  52  67  92 103 185]	[23  4  4  7  6 13 25  9 16 54]	[-0.277387, 0.649037, -0.708384, 0.046191, -0.727456, -0.684598, -0.959647, -0.222619, 0.171807]	[-1.085764, -3.147793, -1.18495]	.	.
fbuzA	dirjA	14.2	2.6	160	271	6	[  1  24  28  32  40  60  91 100 120]	[  2  26  31  39  46  68  93 104 189]	[23  4  4  7 20 25  9 17 51]	[0.026268, -0.586806, -0.809301, 0.929957, -0.282654, 0.23513, -0.366728, -0.758792, 0.53828]	[-1.150692, -3.768603, -0.613703]	.	.
fbuzA	duyzA	14.1	3.0	162	270	8	[  1  24  28  32  40  46  60  91 100 116]	[  1  25  30  38  45  56  72  97 109 186]	[23  4  4  7  5 14 25  9 16 55]	[0.551789, -0.691921, -0.465591, 0.833825, 0.446814, 0.324181, -0.016275, -0.567101, 0.823488]	[-3.459798, -2.616066, -0.838903]	.	.
fbuzA	hbmcA	14.0	3.2	161	615	10	[  2   6  23  28  48  72 101 118 133]	[427 432 453 460 479 498 531 546 562]	[ 4 17  5 17 19 29 15 15 40]	[0.781842, 0.159649, 0.602691, -0.152781, 0.986246, -0.063056, -0.604468, -0.04278, 0.79548]	[3.398011, -2.173501, -22.898705]	.	.
fbuzA	edeyA	14.0	2.7	159	273	6	[  1  24  28  32  40  48  60  91 100 117]	[  1  25  30  38  45  58  72  97 109 187]	[23  4  4  7  5 12 25  9 16 54]	[0.94819, -0.133258, 0.288408, 0.179609, 0.973634, -0.14063, -0.262064, 0.185144, 0.947124]	[-3.960608, -2.674764, -2.016175]	.	.
fbuzA	wc9wA	14.0	2.6	153	1196	14	[  3   7  23  28  34  40  50  62  72  83  88 101 118 134 168]	[ 838  843  865  872  879  887  891  904  909  921  925  942  957  974 1007]	[ 4 16  5  5  5  4 12  5 11  4 13 15 16 33  5]	[0.24446, 0.365711, 0.898051, -0.131641, -0.905059, 0.404399, 0.960682, -0.21708, -0.173108]	[2.484253, 10.2515, -6.835784]	.	.
fbuzA	fy14A	14.0	2.6	158	264	9	[  1  24  28  32  40  48  60  70  74  91 100 120]	[  1  25  30  38  45  52  66  75  80  91 102 183]	[23  4  4  7  7 12  9  4 11  9 17 51]	[0.038191, -0.60452, -0.795674, 0.905246, -0.316265, 0.283736, -0.423168, -0.731116, 0.535161]	[-2.554377, -3.436911, -0.733116]	.	.
fbuzA	icw8A	13.9	2.7	159	1008	7	[  1  24  28  32  48  60  91 101 119 148]	[  1  25  30  38  54  68  93 104 186 216]	[23  4  4 13 12 25 10 16 29 23]	[-0.86245, -0.458008, 0.215426, -0.505548, 0.80014, -0.322795, -0.024528, -0.387303, -0.921626]	[30.177864, -4.327951, -20.628223]	.	.
fbuzA	i4vnA	13.9	2.7	160	1021	7	[  1  24  28  32  48  60  91 101 117 148]	[  1  25  30  38  54  68  93 104 183 215]	[23  4  4 13 12 25 10 15 31 23]	[-0.085081, 0.05326, 0.99495, 0.864326, -0.492831, 0.100292, 0.495683, 0.868494, -0.004104]	[29.65527, -14.390331, -19.535362]	.	.
fbuzA	ghciA	13.9	2.6	159	271	6	[  1  27  32  40  60  91 100 120]	[  2  27  39  46  68  93 104 189]	[25  5  7 20 25  9 17 51]	[0.23428, -0.726086, -0.646461, 0.945326, 0.014964, 0.325783, -0.226872, -0.687441, 0.689894]	[-1.205309, -3.773944, -0.609097]	.	.
fbuzA	i18vA	13.9	2.8	160	271	11	[  1  24  28  32  40  48  60  91 100 116]	[  1  25  30  38  45  58  72  97 109 186]	[23  4  4  7  5 12 25  9 16 55]	[0.142864, -0.565547, -0.812248, 0.943709, -0.169532, 0.284028, -0.298333, -0.807103, 0.509491]	[-3.071263, -2.600419, -0.691187]	.	.
fbuzA	ecunA	13.9	2.9	162	273	8	[  1  24  28  32  46  60  71  91 101 116]	[  2  26  31  39  52  68  78  92 103 177]	[23  4  4 13 14 10 14 10 15 55]	[-0.323697, -0.181359, -0.928617, 0.617443, -0.784162, -0.062081, -0.716927, -0.593463, 0.36581]	[-2.735081, -3.500866, -0.234368]	.	.
fbuzA	uw0pA	13.8	3.1	153	334	5	[  3   7  26  32  49  63  74  89 101 118 133 137 167]	[116 121 142 152 165 181 186 203 219 234 250 256 308]	[ 4 17  6 13 14  4 15 12 15 15  4 30  4]	[0.473187, 0.851841, -0.224636, -0.310761, -0.077198, -0.947348, -0.824331, 0.518081, 0.22819]	[-3.053893, -1.931791, -5.120536]	.	.
fbuzA	fgc7A	13.8	3.2	160	724	10	[  3   7  23  28  47  71  88 101 118 133 137]	[368 373 393 399 416 434 453 470 485 501 507]	[ 4 16  5 17 18 17 13 15 15  4 36]	[-0.685627, -0.475776, -0.550956, 0.440589, -0.873706, 0.206203, -0.57948, -0.101367, 0.808658]	[-10.43823, 1.75427, -22.108786]	.	.
fbuzA	w17jA	13.8	2.7	154	1298	12	[  3   7  23  28  34  40  50  62  72  83  88 101 118 134]	[ 904  909  931  938  945  953  957  970  975  987  991 1008 1023 1040]	[ 4 16  5  5  5  4 12  5 11  4 13 15 16 39]	[-0.260827, 0.31594, -0.912223, 0.180186, -0.912394, -0.367519, -0.948421, -0.260229, 0.181049]	[0.989921, 6.442957, -18.732121]	.	.
fbuzA	ka7sA	13.7	2.7	159	281	6	[  1  24  28  32  40  48  60  91 100 119]	[  1  25  30  38  45  66  80 105 117 198]	[23  4  4  7  6 12 25  9 17 52]	[-0.644027, 0.712681, 0.278055, 0.268573, -0.129696, 0.954488, 0.716308, 0.689394, -0.107879]	[-3.364884, -2.713033, 0.082742]	.	.
fbuzA	itsgA	13.6	2.9	161	270	7	[  1  24  28  32  40  46  60  91 100 117]	[  1  25  30  38  45  56  72  97 109 187]	[23  4  4  7  5 14 25  9 16 54]	[-0.27316, 0.112809, -0.955331, 0.593232, -0.762023, -0.259607, -0.757271, -0.637648, 0.141232]	[-2.167493, -2.415082, -0.825098]	.	.
fbuzA	bdx7A	13.6	3.0	157	1132	10	[  1   6  20  24  28  34  49  60  73 101 134]	[ 951  957  970  977  983  990 1001 1015 1019 1051 1085]	[ 5 13  4  4  5 11 11  4 28 33 39]	[0.58819, 0.055223, -0.806835, 0.209241, 0.953304, 0.217786, 0.781185, -0.296922, 0.549169]	[-42.355, 3.866674, -25.179798]	.	.
fbuzA	a0xdA	13.6	3.3	159	613	9	[  2   6  23  30  47  73  86  90 100 118 133]	[428 433 454 462 480 498 512 518 531 547 563]	[ 4 17  6 17 17 13  4 10 16 15 40]	[0.714852, -0.5495, 0.432476, 0.648976, 0.751655, -0.117666, -0.260415, 0.364781, 0.893935]	[-2.925472, 15.343201, -11.750464]	.	.
fbuzA	dzmhA	13.6	3.2	163	272	6	[  1  24  28  32  40  46  60  70  74  91 100 116]	[  1  25  30  38  45  56  72  81  86  97 109 181]	[23  4  4  7  6 14  9  4 11  9 16 56]	[-0.956161, 0.043966, -0.289521, -0.150559, 0.774183, 0.614795, 0.251173, 0.631433, -0.733624]	[-2.555865, -1.841942, -0.121738]	.	.
fbuzA	f5vlA	13.5	2.9	146	158	11	[  1  24  49  53  74  81  90 105]	[ 7 32 53 58 66 74 78 94]	[23 20  4  8  7  4 15 65]	[0.157197, 0.678312, 0.717762, 0.206727, -0.733297, 0.647718, 0.965688, 0.046562, -0.255497]	[-3.926141, 4.889816, 2.424009]	.	.
fbuzA	fepcA	13.5	2.9	160	1244	9	[  1  24  28  32  40  48  60  91 101 116 148]	[  1  25  30  39  46  54  68  93 104 181 214]	[23  4  4  7  5 12 25 10 15 32 23]	[0.184309, -0.711015, 0.678592, -0.33026, -0.695078, -0.638588, 0.92572, -0.106414, -0.362929]	[16.005911, -19.450537, -30.545578]	.	.
fbuzA	j2h7A	13.5	3.0	152	1261	12	[  3   7  23  28  34  40  50  62  72  83  88 101 118 133 168]	[ 885  890  912  919  926  935  939  952  957  969  973  990 1005 1021 1055]	[ 4 16  5  5  5  4 12  5 11  4 13 15 15 34  4]	[0.125182, 0.761514, -0.635945, -0.321158, -0.575373, -0.752199, -0.938716, 0.2984, 0.17254]	[8.734221, 2.122604, -20.918919]	.	.
fbuzA	e0koA	13.5	2.8	159	1349	9	[  1  24  28  32  40  48  60  91 101 117 148]	[  1  25  30  39  46  54  68  93 104 183 215]	[23  4  4  7  5 12 25 10 15 31 23]	[-0.003517, 0.342303, 0.939583, 0.325476, -0.888036, 0.324742, 0.945544, 0.306954, -0.108288]	[26.898052, 3.066516, -26.51939]	.	.
fbuzA	cvr3A	13.5	3.5	160	896	9	[  3   7  24  29  48  72  85 101 118 133 137]	[529 534 554 561 578 596 611 631 646 662 668]	[ 4 17  5 17 18 13 16 15 15  4 36]	[-0.233205, -0.820305, -0.522221, 0.521777, -0.55873, 0.644647, -0.820588, -0.122148, 0.558315]	[-5.178454, -1.250721, -25.470072]	.	.
fbuzA	k431A	13.5	2.7	158	1302	6	[  1  24  28  32  48  60  91 101 120 148]	[  1  25  30  38  54  68  93 104 215 244]	[23  4  4 13 12 25 10 16 28 23]	[-0.206968, 0.848787, 0.486544, 0.650789, -0.251887, 0.716259, 0.730505, 0.46488, -0.500249]	[19.609665, -3.340592, -31.866146]	.	.
fbuzA	aaljA	13.5	3.0	146	263	5	[  1  25  32  49  72  90 101 105 119 134 138]	[ 74  99 114 126 145 159 169 174 212 229 235]	[23  6 12 16 14 10  4 13 15  4 29]	[-0.199818, 0.656009, -0.727822, -0.053894, -0.749036, -0.660334, -0.97835, -0.092721, 0.185026]	[-3.916188, -2.061878, 1.51732]	.	.
fbuzA	dmi4A	13.5	2.8	160	1281	8	[  1  24  28  32  48  60  91 101 117 148]	[  1  25  30  38  54  68  93 104 183 215]	[23  4  4 13 12 25 10 15 31 23]	[0.024398, 0.193366, 0.980823, 0.349931, -0.920698, 0.172808, 0.936458, 0.339004, -0.090128]	[24.301414, -6.939081, -27.354795]	.	.
fbuzA	da57A	13.4	2.9	161	1242	9	[  1  24  28  32  48  60  91 101 116 148]	[  1  25  30  38  54  68  93 104 181 214]	[23  4  4 13 12 25 10 15 32 23]	[0.127796, 0.282945, 0.950584, 0.294459, -0.926051, 0.236056, 0.947081, 0.249741, -0.201661]	[28.827885, -2.73448, -22.315605]	.	.
fbuzA	v913A	13.4	2.6	156	268	8	[  1  24  28  32  40  48  60  91 100 117 149]	[  1  25  30  38  45  58  72  97 109 185 215]	[23  4  4  7  5 12 25  9 16 30 21]	[-0.231413, 0.019896, -0.972652, 0.654987, -0.736063, -0.170891, -0.719333, -0.676621, 0.157303]	[-3.69914, -1.20372, -0.352558]	.	.
fbuzA	d2mcA	13.4	3.1	154	754	15	[  2   6  24  28  32  36  50  66  71  83  88 101 118 133]	[420 425 444 450 458 463 475 488 492 505 509 526 541 557]	[ 4 18  4  4  4  7 13  4 12  4 13 15 15 37]	[0.586529, -0.723056, -0.364931, 0.727458, 0.272212, 0.629846, -0.356075, -0.634895, 0.685652]	[8.990855, 1.016252, -11.964384]	.	.
fbuzA	ihm0A	13.4	2.9	161	277	7	[  1  24  28  32  40  46  60  91 100 117]	[  8  32  37  45  52  63  79 104 116 194]	[23  4  4  7  5 14 25  9 16 54]	[-0.223128, -0.002125, -0.974787, 0.642303, -0.752537, -0.145382, -0.733254, -0.658547, 0.169277]	[-2.25267, -2.61195, -0.757773]	.	.
fbuzA	cqnxA	13.4	2.6	157	272	7	[  1  16  24  28  32  40  47  60  70  74  91  97 101 119]	[  1  14  23  28  36  43  49  64  73  78  89  99 105 188]	[13  8  4  4  7  6 13  9  4 11  6  4 16 52]	[-0.302321, 0.818793, -0.488037, -0.23564, -0.560301, -0.794063, -0.923621, -0.125062, 0.362331]	[-0.809054, -2.483816, -1.472007]	.	.
fbuzA	gjiiA	13.4	2.8	160	1335	9	[  1  24  28  32  48  60  91 101 117 148]	[  1  25  30  38  54  68  93 104 183 215]	[23  4  4 13 12 25 10 15 31 23]	[-0.154374, 0.061071, 0.986123, -0.277431, -0.960611, 0.01606, 0.948262, -0.271101, 0.165237]	[27.649588, 8.865549, -21.139528]	.	.
fbuzA	and7A	13.4	2.8	136	198	5	[  1  26  50  74  90 100 105 118 135 145]	[ 54  80  97 113 125 137 143 154 170 175]	[25 17 11 12 10  5 11 16  5 24]	[0.389712, 0.885559, 0.252805, -0.513009, 0.436723, -0.738982, -0.764818, 0.158299, 0.624496]	[-4.518012, -1.420693, -5.289676]	.	.
fbuzA	b07vA	13.3	2.6	142	161	10	[  1  23  28  32  50  60  74  81  90 100 104 118 135 140 150]	[  2  26  33  40  50  62  67  75  80  92  98 110 126 130 137]	[22  5  4  9 10  4  7  5 10  4 12 16  4  7 23]	[-0.695839, -0.560509, -0.449041, -0.619765, 0.784559, -0.018921, 0.362905, 0.265133, -0.893311]	[-3.362899, -0.219524, -1.91121]	.	.
fbuzA	ivhkA	13.2	3.0	162	339	9	[  1  24  28  32  40  46  60  70  74  91 100 117]	[ 93 117 122 130 137 148 164 173 178 189 201 251]	[23  4  4  7  6 14  9  4 11  9 17 54]	[-0.786078, 0.612595, 0.082516, 0.411042, 0.418345, 0.809958, 0.461656, 0.670608, -0.580654]	[-2.476876, -2.38739, -2.582898]	.	.
fbuzA	k7lcA	13.2	2.6	158	279	6	[  1  24  28  32  45  49  60  70  74  91 100 120]	[  1  25  30  38  62  67  80  89  94 105 116 197]	[23  4  4 11  4 11  9  4 11  9 17 51]	[-0.404214, -0.11995, -0.906765, 0.692981, -0.687205, -0.218009, -0.596983, -0.716493, 0.360901]	[-2.753898, -2.494239, -0.821717]	.	.
fbuzA	gmshA	13.2	3.5	158	738	8	[  3   7  23  28  33  73  85  89 101 118 133 137]	[373 378 398 404 408 440 453 460 475 490 506 512]	[ 4 16  5  4 31 12  4 12 15 15  4 36]	[-0.12499, -0.55204, -0.824396, 0.359375, -0.799679, 0.481002, -0.924785, -0.236147, 0.298342]	[0.003742, -1.165535, -20.0404]	.	.
fbuzA	flklA	13.2	3.1	153	387	7	[  3   7  12  24  28  34  48  65  72  88 101 119 135]	[ 40  46  52  68  74  81  92 107 112 131 148 165 184]	[ 4  5 12  4  5 11 15  4 16 13 16 16 32]	[0.007589, -0.382406, -0.923963, 0.474036, -0.812195, 0.340042, -0.880473, -0.440572, 0.175111]	[-3.950634, 2.917803, -7.629089]	.	.
fbuzA	w4q6A	13.2	2.8	151	1260	13	[  3   7  23  28  34  40  50  62  72  83  88 101 118 133 167]	[ 885  890  912  919  926  935  939  952  957  969  973  990 1005 1021 1054]	[ 4 16  5  5  5  4 12  5 11  4 13 15 15 33  4]	[0.42824, 0.846341, -0.31673, -0.479385, -0.084346, -0.873542, -0.766029, 0.525921, 0.369602]	[9.503779, 1.313263, -21.09584]	.	.
